Vertex Count: 2154

Data:

-7.5 4 -11.5 0.0332031 0.5 -1 0 -0
-7.5 4 -8.5 0.0332031 0.5 -1 0 -0
-7.5 5 -11.5 0.0332031 0.5 -1 0 -0
-7.5 5 -11.5 0.0332031 0.5 -1 0 -0
-7.5 4 -8.5 0.0332031 0.5 -1 0 -0
-7.5 5 -10.5 0.0332031 0.5 -1 0 -0
-7.5 5 -11.5 0.0605469 0.5 -1 0 -0
-7.5 5 -10.5 0.0605469 0.5 -1 0 -0
-7.5 6 -10.5 0.0605469 0.5 -1 0 -0
-7.5 5 -10.5 0.0332031 0.5 -1 0 -0
-7.5 4 -8.5 0.0332031 0.5 -1 0 -0
-7.5 6 -10.5 0.0332031 0.5 -1 0 -0
-7.5 4 -8.5 0.0605469 0.5 -1 0 -0
-7.5 4 12.5 0.0605469 0.5 -1 0 -0
-7.5 6 -8.5 0.0605469 0.5 -1 0 -0
-7.5 6 -10.5 0.0332031 0.5 -1 0 -0
-7.5 4 -8.5 0.0332031 0.5 -1 0 -0
-7.5 6 -8.5 0.0332031 0.5 -1 0 -0
-7.5 6 -8.5 0.0605469 0.5 -1 0 -0
-7.5 4 12.5 0.0605469 0.5 -1 0 -0
-7.5 6 11.5 0.0605469 0.5 -1 0 -0
-7.5 6 11.5 0.0605469 0.5 -1 0 -0
-7.5 4 12.5 0.0605469 0.5 -1 0 -0
-7.5 6 12.5 0.0605469 0.5 -1 0 -0
-7.5 6 -10.5 0.0605469 0.5 -1 0 -0
-7.5 6 -8.5 0.0605469 0.5 -1 0 -0
-7.5 7 -4.5 0.0605469 0.5 -1 0 -0
-7.5 6 -8.5 0.0605469 0.5 -1 0 -0
-7.5 6 11.5 0.0605469 0.5 -1 0 -0
-7.5 7 -4.5 0.0605469 0.5 -1 0 -0
-7.5 7 -4.5 0.0605469 0.5 -1 0 -0
-7.5 6 11.5 0.0605469 0.5 -1 0 -0
-7.5 7 8.5 0.0605469 0.5 -1 0 -0
-7.5 6 11.5 0.0332031 0.5 -1 0 -0
-7.5 6 12.5 0.0332031 0.5 -1 0 -0
-7.5 7 11.5 0.0332031 0.5 -1 0 -0
-7.5 7 8.5 0.0605469 0.5 -1 0 -0
-7.5 6 11.5 0.0605469 0.5 -1 0 -0
-7.5 7 11.5 0.0605469 0.5 -1 0 -0
-7.5 7 11.5 0.0332031 0.5 -1 0 -0
-7.5 6 12.5 0.0332031 0.5 -1 0 -0
-7.5 7 12.5 0.0332031 0.5 -1 0 -0
-7.5 6 -10.5 0.0605469 0.5 -1 0 -0
-7.5 7 -4.5 0.0605469 0.5 -1 0 -0
-7.5 9 -6.5 0.0605469 0.5 -1 0 -0
-7.5 7 -4.5 0.0332031 0.5 -1 0 -0
-7.5 7 8.5 0.0332031 0.5 -1 0 -0
-7.5 9 -4.5 0.0332031 0.5 -1 0 -0
-7.5 9 -6.5 0.0605469 0.5 -1 0 -0
-7.5 7 -4.5 0.0605469 0.5 -1 0 -0
-7.5 9 -4.5 0.0605469 0.5 -1 0 -0
-7.5 9 -6.5 0.0332031 0.5 -1 0 -0
-7.5 9 -4.5 0.0332031 0.5 -1 0 -0
-7.5 11 -3.5 0.0332031 0.5 -1 0 -0
-7.5 9 -4.5 0.0332031 0.5 -1 0 -0
-7.5 7 8.5 0.0332031 0.5 -1 0 -0
-7.5 11 -3.5 0.0332031 0.5 -1 0 -0
-7.5 11 -3.5 0.0332031 0.5 -1 0 -0
-7.5 7 8.5 0.0332031 0.5 -1 0 -0
-7.5 11 -0.5 0.0332031 0.5 -1 0 -0
-7.5 11 -0.5 0.0332031 0.5 -1 0 -0
-7.5 7 8.5 0.0332031 0.5 -1 0 -0
-7.5 11 4.5 0.0332031 0.5 -1 0 -0
-7.5 7 8.5 0.0605469 0.5 -1 0 -0
-7.5 7 11.5 0.0605469 0.5 -1 0 -0
-7.5 11 8.5 0.0605469 0.5 -1 0 -0
-7.5 11 4.5 0.0332031 0.5 -1 0 -0
-7.5 7 8.5 0.0332031 0.5 -1 0 -0
-7.5 11 8.5 0.0332031 0.5 -1 0 -0
-7.5 7 11.5 0.0605469 0.5 -1 0 -0
-7.5 7 12.5 0.0605469 0.5 -1 0 -0
-7.5 11 8.5 0.0605469 0.5 -1 0 -0
-7.5 6 -10.5 0.0605469 0.5 -1 0 -0
-7.5 9 -6.5 0.0605469 0.5 -1 0 -0
-7.5 12 -6.5 0.0605469 0.5 -1 0 -0
-7.5 9 -6.5 0.0332031 0.5 -1 0 -0
-7.5 11 -3.5 0.0332031 0.5 -1 0 -0
-7.5 12 -6.5 0.0332031 0.5 -1 0 -0
-7.5 12 -6.5 0.0332031 0.5 -1 0 -0
-7.5 11 -3.5 0.0332031 0.5 -1 0 -0
-7.5 12 -4.5 0.0332031 0.5 -1 0 -0
-7.5 11 -0.5 0.0332031 0.5 -1 0 -0
-7.5 11 4.5 0.0332031 0.5 -1 0 -0
-7.5 13 -0.5 0.0332031 0.5 -1 0 -0
-7.5 11 -3.5 0.0605469 0.5 -1 0 -0
-7.5 11 -0.5 0.0605469 0.5 -1 0 -0
-7.5 13 -0.5 0.0605469 0.5 -1 0 -0
-7.5 11 4.5 0.0605469 0.5 -1 0 -0
-7.5 11 8.5 0.0605469 0.5 -1 0 -0
-7.5 13 4.5 0.0605469 0.5 -1 0 -0
-7.5 13 -0.5 0.0332031 0.5 -1 0 -0
-7.5 11 4.5 0.0332031 0.5 -1 0 -0
-7.5 13 4.5 0.0332031 0.5 -1 0 -0
-7.5 12 -4.5 0.0332031 0.5 -1 0 -0
-7.5 11 -3.5 0.0332031 0.5 -1 0 -0
-7.5 14 -4.5 0.0332031 0.5 -1 0 -0
-7.5 12 -6.5 0.0605469 0.5 -1 0 -0
-7.5 12 -4.5 0.0605469 0.5 -1 0 -0
-7.5 14 -4.5 0.0605469 0.5 -1 0 -0
-7.5 13 -0.5 0.0605469 0.5 -1 0 -0
-7.5 13 4.5 0.0605469 0.5 -1 0 -0
-7.5 14 -3.5 0.0605469 0.5 -1 0 -0
-7.5 14 -4.5 0.0332031 0.5 -1 0 -0
-7.5 11 -3.5 0.0332031 0.5 -1 0 -0
-7.5 14 -3.5 0.0332031 0.5 -1 0 -0
-7.5 11 -3.5 0.0605469 0.5 -1 0 -0
-7.5 13 -0.5 0.0605469 0.5 -1 0 -0
-7.5 14 -3.5 0.0605469 0.5 -1 0 -0
-7.5 5 -11.5 0.0605469 0.5 -1 0 -0
-7.5 6 -10.5 0.0605469 0.5 -1 0 -0
-7.5 17 -11.5 0.0605469 0.5 -1 0 -0
-7.5 12 -6.5 0.0605469 0.5 -1 0 -0
-7.5 14 -4.5 0.0605469 0.5 -1 0 -0
-7.5 17 -11.5 0.0605469 0.5 -1 0 -0
-7.5 14 -4.5 0.0605469 0.5 -1 0 -0
-7.5 14 -3.5 0.0605469 0.5 -1 0 -0
-7.5 17 -11.5 0.0605469 0.5 -1 0 -0
-7.5 6 -10.5 0.0605469 0.5 -1 0 -0
-7.5 12 -6.5 0.0605469 0.5 -1 0 -0
-7.5 17 -11.5 0.0605469 0.5 -1 0 -0
-7.5 17 -11.5 0.0605469 0.5 -1 0 -0
-7.5 14 -3.5 0.0605469 0.5 -1 0 -0
-7.5 17 -10.5 0.0605469 0.5 -1 0 -0
-7.5 14 -3.5 0.0605469 0.5 -1 0 -0
-7.5 13 4.5 0.0605469 0.5 -1 0 -0
-7.5 17 -3.5 0.0605469 0.5 -1 0 -0
-7.5 17 -10.5 0.0605469 0.5 -1 0 -0
-7.5 14 -3.5 0.0605469 0.5 -1 0 -0
-7.5 17 -3.5 0.0605469 0.5 -1 0 -0
-7.5 17 -3.5 0.0605469 0.5 -1 0 -0
-7.5 13 4.5 0.0605469 0.5 -1 0 -0
-7.5 17 -1.5 0.0605469 0.5 -1 0 -0
-7.5 17 -11.5 0.0332031 0.5 -1 0 -0
-7.5 17 -10.5 0.0332031 0.5 -1 0 -0
-7.5 19 -11.5 0.0332031 0.5 -1 0 -0
-7.5 17 -10.5 0.0605469 0.5 -1 0 -0
-7.5 17 -3.5 0.0605469 0.5 -1 0 -0
-7.5 19 -10.5 0.0605469 0.5 -1 0 -0
-7.5 19 -11.5 0.0332031 0.5 -1 0 -0
-7.5 17 -10.5 0.0332031 0.5 -1 0 -0
-7.5 19 -10.5 0.0332031 0.5 -1 0 -0
-7.5 17 -3.5 0.0332031 0.5 -1 0 -0
-7.5 17 -1.5 0.0332031 0.5 -1 0 -0
-7.5 19 -3.5 0.0332031 0.5 -1 0 -0
-7.5 19 -10.5 0.0605469 0.5 -1 0 -0
-7.5 17 -3.5 0.0605469 0.5 -1 0 -0
-7.5 19 -3.5 0.0605469 0.5 -1 0 -0
-7.5 17 -1.5 0.0605469 0.5 -1 0 -0
-7.5 13 4.5 0.0605469 0.5 -1 0 -0
-7.5 19 -1.5 0.0605469 0.5 -1 0 -0
-7.5 19 -3.5 0.0332031 0.5 -1 0 -0
-7.5 17 -1.5 0.0332031 0.5 -1 0 -0
-7.5 19 -1.5 0.0332031 0.5 -1 0 -0
-7.5 11 8.5 0.0605469 0.5 -1 0 -0
-7.5 7 12.5 0.0605469 0.5 -1 0 -0
-7.5 19 12.5 0.0605469 0.5 -1 0 -0
-7.5 19 -1.5 0.0605469 0.5 -1 0 -0
-7.5 13 4.5 0.0605469 0.5 -1 0 -0
-7.5 19 12.5 0.0605469 0.5 -1 0 -0
-7.5 13 4.5 0.0605469 0.5 -1 0 -0
-7.5 11 8.5 0.0605469 0.5 -1 0 -0
-7.5 19 12.5 0.0605469 0.5 -1 0 -0
-5.5 0 -9.5 0.0332031 0.5 -1 0 -0
-5.5 0 -6.5 0.0332031 0.5 -1 0 -0
-5.5 1 -9.5 0.0332031 0.5 -1 0 -0
-5.5 1 -9.5 0.0332031 0.5 -1 0 -0
-5.5 0 -6.5 0.0332031 0.5 -1 0 -0
-5.5 1 -6.5 0.0332031 0.5 -1 0 -0
-5.5 0 6.5 0.0332031 0.5 -1 0 -0
-5.5 0 9.5 0.0332031 0.5 -1 0 -0
-5.5 1 6.5 0.0332031 0.5 -1 0 -0
-5.5 1 6.5 0.0332031 0.5 -1 0 -0
-5.5 0 9.5 0.0332031 0.5 -1 0 -0
-5.5 1 9.5 0.0332031 0.5 -1 0 -0
-5.5 1 -9.5 0.0605469 0.5 -1 0 -0
-5.5 1 -6.5 0.0605469 0.5 -1 0 -0
-5.5 3 -9.5 0.0605469 0.5 -1 0 -0
-5.5 3 -9.5 0.0605469 0.5 -1 0 -0
-5.5 1 -6.5 0.0605469 0.5 -1 0 -0
-5.5 3 -6.5 0.0605469 0.5 -1 0 -0
-5.5 1 6.5 0.0605469 0.5 -1 0 -0
-5.5 1 9.5 0.0605469 0.5 -1 0 -0
-5.5 3 6.5 0.0605469 0.5 -1 0 -0
-5.5 3 6.5 0.0605469 0.5 -1 0 -0
-5.5 1 9.5 0.0605469 0.5 -1 0 -0
-5.5 3 9.5 0.0605469 0.5 -1 0 -0
-5.5 3 -9.5 0.396484 0.5 -1 0 -0
-5.5 3 -6.5 0.396484 0.5 -1 0 -0
-5.5 4 -9.5 0.396484 0.5 -1 0 -0
-5.5 4 -9.5 0.396484 0.5 -1 0 -0
-5.5 3 -6.5 0.396484 0.5 -1 0 -0
-5.5 4 -8.5 0.396484 0.5 -1 0 -0
-5.5 4 -8.5 0.396484 0.5 -1 0 -0
-5.5 3 -6.5 0.396484 0.5 -1 0 -0
-5.5 4 -6.5 0.396484 0.5 -1 0 -0
-5.5 3 6.5 0.396484 0.5 -1 0 -0
-5.5 3 9.5 0.396484 0.5 -1 0 -0
-5.5 4 6.5 0.396484 0.5 -1 0 -0
-5.5 4 6.5 0.396484 0.5 -1 0 -0
-5.5 3 9.5 0.396484 0.5 -1 0 -0
-5.5 4 9.5 0.396484 0.5 -1 0 -0
-5.5 10 -12.5 0.0605469 0.5 -1 0 -0
-5.5 10 -11.5 0.0605469 0.5 -1 0 -0
-5.5 13 -12.5 0.0605469 0.5 -1 0 -0
-5.5 13 -12.5 0.0605469 0.5 -1 0 -0
-5.5 10 -11.5 0.0605469 0.5 -1 0 -0
-5.5 13 -11.5 0.0605469 0.5 -1 0 -0
-5.5 14 -12.5 0.958984 0.5 -1 0 -0
-5.5 14 -11.5 0.958984 0.5 -1 0 -0
-5.5 17 -12.5 0.958984 0.5 -1 0 -0
-5.5 17 -12.5 0.958984 0.5 -1 0 -0
-5.5 14 -11.5 0.958984 0.5 -1 0 -0
-5.5 17 -11.5 0.958984 0.5 -1 0 -0
-5.5 19 -8.5 0.0605469 0.5 -1 0 -0
-5.5 19 -5.5 0.0605469 0.5 -1 0 -0
-5.5 22 -8.5 0.0605469 0.5 -1 0 -0
-5.5 22 -8.5 0.0605469 0.5 -1 0 -0
-5.5 19 -5.5 0.0605469 0.5 -1 0 -0
-5.5 22 -5.5 0.0605469 0.5 -1 0 -0
-4.5 9 -14.5 0.958984 0.5 -1 0 -0
-4.5 9 -13.5 0.958984 0.5 -1 0 -0
-4.5 10 -14.5 0.958984 0.5 -1 0 -0
-4.5 9 -13.5 0.0605469 0.5 -1 0 -0
-4.5 9 -11.5 0.0605469 0.5 -1 0 -0
-4.5 10 -13.5 0.0605469 0.5 -1 0 -0
-4.5 10 -14.5 0.958984 0.5 -1 0 -0
-4.5 9 -13.5 0.958984 0.5 -1 0 -0
-4.5 10 -13.5 0.958984 0.5 -1 0 -0
-4.5 10 -13.5 0.0605469 0.5 -1 0 -0
-4.5 9 -11.5 0.0605469 0.5 -1 0 -0
-4.5 10 -12.5 0.0605469 0.5 -1 0 -0
-4.5 10 -12.5 0.0605469 0.5 -1 0 -0
-4.5 9 -11.5 0.0605469 0.5 -1 0 -0
-4.5 10 -11.5 0.0605469 0.5 -1 0 -0
-4.5 10 -13.5 0.0605469 0.5 -1 0 -0
-4.5 10 -12.5 0.0605469 0.5 -1 0 -0
-4.5 11 -13.5 0.0605469 0.5 -1 0 -0
-4.5 11 -13.5 0.0605469 0.5 -1 0 -0
-4.5 10 -12.5 0.0605469 0.5 -1 0 -0
-4.5 13 -12.5 0.0605469 0.5 -1 0 -0
-4.5 11 -14.5 0.0332031 0.5 -1 0 -0
-4.5 11 -13.5 0.0332031 0.5 -1 0 -0
-4.5 14 -14.5 0.0332031 0.5 -1 0 -0
-4.5 13 -12.5 0.0605469 0.5 -1 0 -0
-4.5 13 -11.5 0.0605469 0.5 -1 0 -0
-4.5 14 -13.5 0.0605469 0.5 -1 0 -0
-4.5 14 -14.5 0.0332031 0.5 -1 0 -0
-4.5 11 -13.5 0.0332031 0.5 -1 0 -0
-4.5 14 -13.5 0.0332031 0.5 -1 0 -0
-4.5 11 -13.5 0.0605469 0.5 -1 0 -0
-4.5 13 -12.5 0.0605469 0.5 -1 0 -0
-4.5 14 -13.5 0.0605469 0.5 -1 0 -0
-4.5 14 -13.5 0.0605469 0.5 -1 0 -0
-4.5 13 -11.5 0.0605469 0.5 -1 0 -0
-4.5 14 -12.5 0.0605469 0.5 -1 0 -0
-4.5 14 -12.5 0.0605469 0.5 -1 0 -0
-4.5 13 -11.5 0.0605469 0.5 -1 0 -0
-4.5 14 -11.5 0.0605469 0.5 -1 0 -0
-4.5 7 12.5 0.0605469 0.5 -1 0 -0
-4.5 7 13.5 0.0605469 0.5 -1 0 -0
-4.5 14 12.5 0.0605469 0.5 -1 0 -0
-4.5 14 12.5 0.0605469 0.5 -1 0 -0
-4.5 7 13.5 0.0605469 0.5 -1 0 -0
-4.5 14 13.5 0.0605469 0.5 -1 0 -0
-3.5 8 -12.5 0.0605469 0.5 -1 0 -0
-3.5 8 -11.5 0.0605469 0.5 -1 0 -0
-3.5 9 -12.5 0.0605469 0.5 -1 0 -0
-3.5 9 -12.5 0.0605469 0.5 -1 0 -0
-3.5 8 -11.5 0.0605469 0.5 -1 0 -0
-3.5 9 -11.5 0.0605469 0.5 -1 0 -0
-3.5 8 13.5 0.0605469 0.5 -1 0 -0
-3.5 8 14.5 0.0605469 0.5 -1 0 -0
-3.5 13 13.5 0.0605469 0.5 -1 0 -0
-3.5 13 13.5 0.0605469 0.5 -1 0 -0
-3.5 8 14.5 0.0605469 0.5 -1 0 -0
-3.5 13 14.5 0.0605469 0.5 -1 0 -0
-2.5 12 -14.5 0.0332031 0.5 -1 0 -0
-2.5 12 -13.5 0.0332031 0.5 -1 0 -0
-2.5 13 -14.5 0.0332031 0.5 -1 0 -0
-2.5 13 -14.5 0.0332031 0.5 -1 0 -0
-2.5 12 -13.5 0.0332031 0.5 -1 0 -0
-2.5 13 -13.5 0.0332031 0.5 -1 0 -0
-1.5 10 -15.5 0.251953 0.5 -1 0 -0
-1.5 10 -13.5 0.251953 0.5 -1 0 -0
-1.5 11 -15.5 0.251953 0.5 -1 0 -0
-1.5 11 -15.5 0.251953 0.5 -1 0 -0
-1.5 10 -13.5 0.251953 0.5 -1 0 -0
-1.5 11 -14.5 0.251953 0.5 -1 0 -0
-1.5 11 -14.5 0.251953 0.5 -1 0 -0
-1.5 10 -13.5 0.251953 0.5 -1 0 -0
-1.5 11 -13.5 0.251953 0.5 -1 0 -0
-1.5 9 14.5 0.0605469 0.5 -1 0 -0
-1.5 9 15.5 0.0605469 0.5 -1 0 -0
-1.5 12 14.5 0.0605469 0.5 -1 0 -0
-1.5 12 14.5 0.0605469 0.5 -1 0 -0
-1.5 9 15.5 0.0605469 0.5 -1 0 -0
-1.5 12 15.5 0.0605469 0.5 -1 0 -0
-1.5 14 -12.5 0.0605469 0.5 -1 0 -0
-1.5 14 -11.5 0.0605469 0.5 -1 0 -0
-1.5 15 -12.5 0.0605469 0.5 -1 0 -0
-1.5 15 -12.5 0.0605469 0.5 -1 0 -0
-1.5 14 -11.5 0.0605469 0.5 -1 0 -0
-1.5 15 -11.5 0.0605469 0.5 -1 0 -0
2.5 0 -9.5 0.0332031 0.5 -1 0 -0
2.5 0 -6.5 0.0332031 0.5 -1 0 -0
2.5 1 -9.5 0.0332031 0.5 -1 0 -0
2.5 1 -9.5 0.0332031 0.5 -1 0 -0
2.5 0 -6.5 0.0332031 0.5 -1 0 -0
2.5 1 -6.5 0.0332031 0.5 -1 0 -0
2.5 0 6.5 0.0332031 0.5 -1 0 -0
2.5 0 9.5 0.0332031 0.5 -1 0 -0
2.5 1 6.5 0.0332031 0.5 -1 0 -0
2.5 1 6.5 0.0332031 0.5 -1 0 -0
2.5 0 9.5 0.0332031 0.5 -1 0 -0
2.5 1 9.5 0.0332031 0.5 -1 0 -0
2.5 1 -9.5 0.0605469 0.5 -1 0 -0
2.5 1 -6.5 0.0605469 0.5 -1 0 -0
2.5 3 -9.5 0.0605469 0.5 -1 0 -0
2.5 3 -9.5 0.0605469 0.5 -1 0 -0
2.5 1 -6.5 0.0605469 0.5 -1 0 -0
2.5 3 -6.5 0.0605469 0.5 -1 0 -0
2.5 1 6.5 0.0605469 0.5 -1 0 -0
2.5 1 9.5 0.0605469 0.5 -1 0 -0
2.5 3 6.5 0.0605469 0.5 -1 0 -0
2.5 3 6.5 0.0605469 0.5 -1 0 -0
2.5 1 9.5 0.0605469 0.5 -1 0 -0
2.5 3 9.5 0.0605469 0.5 -1 0 -0
2.5 3 -9.5 0.396484 0.5 -1 0 -0
2.5 3 -6.5 0.396484 0.5 -1 0 -0
2.5 4 -9.5 0.396484 0.5 -1 0 -0
2.5 4 -9.5 0.396484 0.5 -1 0 -0
2.5 3 -6.5 0.396484 0.5 -1 0 -0
2.5 4 -6.5 0.396484 0.5 -1 0 -0
2.5 3 6.5 0.396484 0.5 -1 0 -0
2.5 3 9.5 0.396484 0.5 -1 0 -0
2.5 4 6.5 0.396484 0.5 -1 0 -0
2.5 4 6.5 0.396484 0.5 -1 0 -0
2.5 3 9.5 0.396484 0.5 -1 0 -0
2.5 4 9.5 0.396484 0.5 -1 0 -0
2.5 14 -12.5 0.958984 0.5 -1 0 -0
2.5 14 -11.5 0.958984 0.5 -1 0 -0
2.5 17 -12.5 0.958984 0.5 -1 0 -0
2.5 17 -12.5 0.958984 0.5 -1 0 -0
2.5 14 -11.5 0.958984 0.5 -1 0 -0
2.5 17 -11.5 0.958984 0.5 -1 0 -0
2.5 19 -8.5 0.0605469 0.5 -1 0 -0
2.5 19 -5.5 0.0605469 0.5 -1 0 -0
2.5 22 -8.5 0.0605469 0.5 -1 0 -0
2.5 22 -8.5 0.0605469 0.5 -1 0 -0
2.5 19 -5.5 0.0605469 0.5 -1 0 -0
2.5 22 -5.5 0.0605469 0.5 -1 0 -0
3.5 9 -14.5 0.958984 0.5 -1 0 -0
3.5 9 -13.5 0.958984 0.5 -1 0 -0
3.5 10 -14.5 0.958984 0.5 -1 0 -0
3.5 10 -14.5 0.958984 0.5 -1 0 -0
3.5 9 -13.5 0.958984 0.5 -1 0 -0
3.5 10 -13.5 0.958984 0.5 -1 0 -0
3.5 12 -14.5 0.0332031 0.5 -1 0 -0
3.5 12 -13.5 0.0332031 0.5 -1 0 -0
3.5 13 -14.5 0.0332031 0.5 -1 0 -0
3.5 13 -14.5 0.0332031 0.5 -1 0 -0
3.5 12 -13.5 0.0332031 0.5 -1 0 -0
3.5 13 -13.5 0.0332031 0.5 -1 0 -0
-3.5 10 -14.5 0.958984 0.5 1 0 -0
-3.5 9 -13.5 0.958984 0.5 1 0 -0
-3.5 9 -14.5 0.958984 0.5 1 0 -0
-3.5 10 -13.5 0.958984 0.5 1 0 -0
-3.5 9 -13.5 0.958984 0.5 1 0 -0
-3.5 10 -14.5 0.958984 0.5 1 0 -0
-3.5 13 -14.5 0.0332031 0.5 1 0 -0
-3.5 12 -13.5 0.0332031 0.5 1 0 -0
-3.5 12 -14.5 0.0332031 0.5 1 0 -0
-3.5 13 -13.5 0.0332031 0.5 1 0 -0
-3.5 12 -13.5 0.0332031 0.5 1 0 -0
-3.5 13 -14.5 0.0332031 0.5 1 0 -0
-2.5 1 -9.5 0.0332031 0.5 1 0 -0
-2.5 0 -6.5 0.0332031 0.5 1 0 -0
-2.5 0 -9.5 0.0332031 0.5 1 0 -0
-2.5 1 -6.5 0.0332031 0.5 1 0 -0
-2.5 0 -6.5 0.0332031 0.5 1 0 -0
-2.5 1 -9.5 0.0332031 0.5 1 0 -0
-2.5 1 6.5 0.0332031 0.5 1 0 -0
-2.5 0 9.5 0.0332031 0.5 1 0 -0
-2.5 0 6.5 0.0332031 0.5 1 0 -0
-2.5 1 9.5 0.0332031 0.5 1 0 -0
-2.5 0 9.5 0.0332031 0.5 1 0 -0
-2.5 1 6.5 0.0332031 0.5 1 0 -0
-2.5 3 -9.5 0.0605469 0.5 1 0 -0
-2.5 1 -6.5 0.0605469 0.5 1 0 -0
-2.5 1 -9.5 0.0605469 0.5 1 0 -0
-2.5 3 -6.5 0.0605469 0.5 1 0 -0
-2.5 1 -6.5 0.0605469 0.5 1 0 -0
-2.5 3 -9.5 0.0605469 0.5 1 0 -0
-2.5 3 6.5 0.0605469 0.5 1 0 -0
-2.5 1 9.5 0.0605469 0.5 1 0 -0
-2.5 1 6.5 0.0605469 0.5 1 0 -0
-2.5 3 9.5 0.0605469 0.5 1 0 -0
-2.5 1 9.5 0.0605469 0.5 1 0 -0
-2.5 3 6.5 0.0605469 0.5 1 0 -0
-2.5 4 -9.5 0.396484 0.5 1 0 -0
-2.5 3 -6.5 0.396484 0.5 1 0 -0
-2.5 3 -9.5 0.396484 0.5 1 0 -0
-2.5 4 -6.5 0.396484 0.5 1 0 -0
-2.5 3 -6.5 0.396484 0.5 1 0 -0
-2.5 4 -9.5 0.396484 0.5 1 0 -0
-2.5 4 6.5 0.396484 0.5 1 0 -0
-2.5 3 9.5 0.396484 0.5 1 0 -0
-2.5 3 6.5 0.396484 0.5 1 0 -0
-2.5 4 9.5 0.396484 0.5 1 0 -0
-2.5 3 9.5 0.396484 0.5 1 0 -0
-2.5 4 6.5 0.396484 0.5 1 0 -0
-2.5 17 -12.5 0.958984 0.5 1 0 -0
-2.5 14 -11.5 0.958984 0.5 1 0 -0
-2.5 14 -12.5 0.958984 0.5 1 0 -0
-2.5 17 -11.5 0.958984 0.5 1 0 -0
-2.5 14 -11.5 0.958984 0.5 1 0 -0
-2.5 17 -12.5 0.958984 0.5 1 0 -0
-2.5 22 -8.5 0.0605469 0.5 1 0 -0
-2.5 19 -5.5 0.0605469 0.5 1 0 -0
-2.5 19 -8.5 0.0605469 0.5 1 0 -0
-2.5 22 -5.5 0.0605469 0.5 1 0 -0
-2.5 19 -5.5 0.0605469 0.5 1 0 -0
-2.5 22 -8.5 0.0605469 0.5 1 0 -0
1.5 11 -15.5 0.251953 0.5 1 0 -0
1.5 10 -13.5 0.251953 0.5 1 0 -0
1.5 10 -15.5 0.251953 0.5 1 0 -0
1.5 11 -14.5 0.251953 0.5 1 0 -0
1.5 10 -13.5 0.251953 0.5 1 0 -0
1.5 11 -15.5 0.251953 0.5 1 0 -0
1.5 11 -13.5 0.251953 0.5 1 0 -0
1.5 10 -13.5 0.251953 0.5 1 0 -0
1.5 11 -14.5 0.251953 0.5 1 0 -0
1.5 12 14.5 0.0605469 0.5 1 0 -0
1.5 9 15.5 0.0605469 0.5 1 0 -0
1.5 9 14.5 0.0605469 0.5 1 0 -0
1.5 12 15.5 0.0605469 0.5 1 0 -0
1.5 9 15.5 0.0605469 0.5 1 0 -0
1.5 12 14.5 0.0605469 0.5 1 0 -0
1.5 15 -12.5 0.0605469 0.5 1 0 -0
1.5 14 -11.5 0.0605469 0.5 1 0 -0
1.5 14 -12.5 0.0605469 0.5 1 0 -0
1.5 15 -11.5 0.0605469 0.5 1 0 -0
1.5 14 -11.5 0.0605469 0.5 1 0 -0
1.5 15 -12.5 0.0605469 0.5 1 0 -0
2.5 13 -14.5 0.0332031 0.5 1 0 -0
2.5 12 -13.5 0.0332031 0.5 1 0 -0
2.5 12 -14.5 0.0332031 0.5 1 0 -0
2.5 13 -13.5 0.0332031 0.5 1 0 -0
2.5 12 -13.5 0.0332031 0.5 1 0 -0
2.5 13 -14.5 0.0332031 0.5 1 0 -0
3.5 9 -12.5 0.0605469 0.5 1 0 -0
3.5 8 -11.5 0.0605469 0.5 1 0 -0
3.5 8 -12.5 0.0605469 0.5 1 0 -0
3.5 9 -11.5 0.0605469 0.5 1 0 -0
3.5 8 -11.5 0.0605469 0.5 1 0 -0
3.5 9 -12.5 0.0605469 0.5 1 0 -0
3.5 13 13.5 0.0605469 0.5 1 0 -0
3.5 8 14.5 0.0605469 0.5 1 0 -0
3.5 8 13.5 0.0605469 0.5 1 0 -0
3.5 13 14.5 0.0605469 0.5 1 0 -0
3.5 8 14.5 0.0605469 0.5 1 0 -0
3.5 13 13.5 0.0605469 0.5 1 0 -0
4.5 10 -14.5 0.958984 0.5 1 0 -0
4.5 9 -13.5 0.958984 0.5 1 0 -0
4.5 9 -14.5 0.958984 0.5 1 0 -0
4.5 10 -13.5 0.0605469 0.5 1 0 -0
4.5 9 -11.5 0.0605469 0.5 1 0 -0
4.5 9 -13.5 0.0605469 0.5 1 0 -0
4.5 10 -13.5 0.958984 0.5 1 0 -0
4.5 9 -13.5 0.958984 0.5 1 0 -0
4.5 10 -14.5 0.958984 0.5 1 0 -0
4.5 10 -12.5 0.0605469 0.5 1 0 -0
4.5 9 -11.5 0.0605469 0.5 1 0 -0
4.5 10 -13.5 0.0605469 0.5 1 0 -0
4.5 10 -11.5 0.0605469 0.5 1 0 -0
4.5 9 -11.5 0.0605469 0.5 1 0 -0
4.5 10 -12.5 0.0605469 0.5 1 0 -0
4.5 11 -13.5 0.0605469 0.5 1 0 -0
4.5 10 -12.5 0.0605469 0.5 1 0 -0
4.5 10 -13.5 0.0605469 0.5 1 0 -0
4.5 13 -12.5 0.0605469 0.5 1 0 -0
4.5 10 -12.5 0.0605469 0.5 1 0 -0
4.5 11 -13.5 0.0605469 0.5 1 0 -0
4.5 14 -14.5 0.0332031 0.5 1 0 -0
4.5 11 -13.5 0.0332031 0.5 1 0 -0
4.5 11 -14.5 0.0332031 0.5 1 0 -0
4.5 14 -13.5 0.0605469 0.5 1 0 -0
4.5 13 -11.5 0.0605469 0.5 1 0 -0
4.5 13 -12.5 0.0605469 0.5 1 0 -0
4.5 14 -13.5 0.0332031 0.5 1 0 -0
4.5 11 -13.5 0.0332031 0.5 1 0 -0
4.5 14 -14.5 0.0332031 0.5 1 0 -0
4.5 14 -13.5 0.0605469 0.5 1 0 -0
4.5 13 -12.5 0.0605469 0.5 1 0 -0
4.5 11 -13.5 0.0605469 0.5 1 0 -0
4.5 14 -12.5 0.0605469 0.5 1 0 -0
4.5 13 -11.5 0.0605469 0.5 1 0 -0
4.5 14 -13.5 0.0605469 0.5 1 0 -0
4.5 14 -11.5 0.0605469 0.5 1 0 -0
4.5 13 -11.5 0.0605469 0.5 1 0 -0
4.5 14 -12.5 0.0605469 0.5 1 0 -0
4.5 14 12.5 0.0605469 0.5 1 0 -0
4.5 7 13.5 0.0605469 0.5 1 0 -0
4.5 7 12.5 0.0605469 0.5 1 0 -0
4.5 14 13.5 0.0605469 0.5 1 0 -0
4.5 7 13.5 0.0605469 0.5 1 0 -0
4.5 14 12.5 0.0605469 0.5 1 0 -0
5.5 1 -9.5 0.0332031 0.5 1 0 -0
5.5 0 -6.5 0.0332031 0.5 1 0 -0
5.5 0 -9.5 0.0332031 0.5 1 0 -0
5.5 1 -6.5 0.0332031 0.5 1 0 -0
5.5 0 -6.5 0.0332031 0.5 1 0 -0
5.5 1 -9.5 0.0332031 0.5 1 0 -0
5.5 1 6.5 0.0332031 0.5 1 0 -0
5.5 0 9.5 0.0332031 0.5 1 0 -0
5.5 0 6.5 0.0332031 0.5 1 0 -0
5.5 1 9.5 0.0332031 0.5 1 0 -0
5.5 0 9.5 0.0332031 0.5 1 0 -0
5.5 1 6.5 0.0332031 0.5 1 0 -0
5.5 3 -9.5 0.0605469 0.5 1 0 -0
5.5 1 -6.5 0.0605469 0.5 1 0 -0
5.5 1 -9.5 0.0605469 0.5 1 0 -0
5.5 3 -6.5 0.0605469 0.5 1 0 -0
5.5 1 -6.5 0.0605469 0.5 1 0 -0
5.5 3 -9.5 0.0605469 0.5 1 0 -0
5.5 3 6.5 0.0605469 0.5 1 0 -0
5.5 1 9.5 0.0605469 0.5 1 0 -0
5.5 1 6.5 0.0605469 0.5 1 0 -0
5.5 3 9.5 0.0605469 0.5 1 0 -0
5.5 1 9.5 0.0605469 0.5 1 0 -0
5.5 3 6.5 0.0605469 0.5 1 0 -0
5.5 4 -9.5 0.396484 0.5 1 0 -0
5.5 3 -6.5 0.396484 0.5 1 0 -0
5.5 3 -9.5 0.396484 0.5 1 0 -0
5.5 4 -6.5 0.396484 0.5 1 0 -0
5.5 3 -6.5 0.396484 0.5 1 0 -0
5.5 4 -9.5 0.396484 0.5 1 0 -0
5.5 4 6.5 0.396484 0.5 1 0 -0
5.5 3 9.5 0.396484 0.5 1 0 -0
5.5 3 6.5 0.396484 0.5 1 0 -0
5.5 4 7.5 0.396484 0.5 1 0 -0
5.5 3 9.5 0.396484 0.5 1 0 -0
5.5 4 6.5 0.396484 0.5 1 0 -0
5.5 4 9.5 0.396484 0.5 1 0 -0
5.5 3 9.5 0.396484 0.5 1 0 -0
5.5 4 7.5 0.396484 0.5 1 0 -0
5.5 13 -12.5 0.0605469 0.5 1 0 -0
5.5 10 -11.5 0.0605469 0.5 1 0 -0
5.5 10 -12.5 0.0605469 0.5 1 0 -0
5.5 13 -11.5 0.0605469 0.5 1 0 -0
5.5 10 -11.5 0.0605469 0.5 1 0 -0
5.5 13 -12.5 0.0605469 0.5 1 0 -0
5.5 17 -12.5 0.958984 0.5 1 0 -0
5.5 14 -11.5 0.958984 0.5 1 0 -0
5.5 14 -12.5 0.958984 0.5 1 0 -0
5.5 17 -11.5 0.958984 0.5 1 0 -0
5.5 14 -11.5 0.958984 0.5 1 0 -0
5.5 17 -12.5 0.958984 0.5 1 0 -0
5.5 22 -8.5 0.0605469 0.5 1 0 -0
5.5 19 -5.5 0.0605469 0.5 1 0 -0
5.5 19 -8.5 0.0605469 0.5 1 0 -0
5.5 22 -5.5 0.0605469 0.5 1 0 -0
5.5 19 -5.5 0.0605469 0.5 1 0 -0
5.5 22 -8.5 0.0605469 0.5 1 0 -0
7.5 5 0.5 0.0605469 0.5 1 0 -0
7.5 4 0.5 0.0605469 0.5 1 0 -0
7.5 4 -11.5 0.0605469 0.5 1 0 -0
7.5 5 0.5 0.0332031 0.5 1 0 -0
7.5 4 7.5 0.0332031 0.5 1 0 -0
7.5 4 0.5 0.0332031 0.5 1 0 -0
7.5 5 7.5 0.0605469 0.5 1 0 -0
7.5 4 12.5 0.0605469 0.5 1 0 -0
7.5 4 7.5 0.0605469 0.5 1 0 -0
7.5 5 7.5 0.0332031 0.5 1 0 -0
7.5 4 7.5 0.0332031 0.5 1 0 -0
7.5 5 0.5 0.0332031 0.5 1 0 -0
7.5 6 -11.5 0.0605469 0.5 1 0 -0
7.5 5 0.5 0.0605469 0.5 1 0 -0
7.5 4 -11.5 0.0605469 0.5 1 0 -0
7.5 6 -11.5 0.0605469 0.5 1 0 -0
7.5 5 7.5 0.0605469 0.5 1 0 -0
7.5 5 0.5 0.0605469 0.5 1 0 -0
7.5 6 -9.5 0.0605469 0.5 1 0 -0
7.5 5 7.5 0.0605469 0.5 1 0 -0
7.5 6 -11.5 0.0605469 0.5 1 0 -0
7.5 7 -9.5 0.0332031 0.5 1 0 -0
7.5 6 -9.5 0.0332031 0.5 1 0 -0
7.5 6 -11.5 0.0332031 0.5 1 0 -0
7.5 7 -9.5 0.0605469 0.5 1 0 -0
7.5 5 7.5 0.0605469 0.5 1 0 -0
7.5 6 -9.5 0.0605469 0.5 1 0 -0
7.5 7 -7.5 0.0605469 0.5 1 0 -0
7.5 5 7.5 0.0605469 0.5 1 0 -0
7.5 7 -9.5 0.0605469 0.5 1 0 -0
7.5 8 -11.5 0.0332031 0.5 1 0 -0
7.5 7 -9.5 0.0332031 0.5 1 0 -0
7.5 6 -11.5 0.0332031 0.5 1 0 -0
7.5 8 -11.5 0.0332031 0.5 1 0 -0
7.5 7 -7.5 0.0332031 0.5 1 0 -0
7.5 7 -9.5 0.0332031 0.5 1 0 -0
7.5 8 -10.5 0.0332031 0.5 1 0 -0
7.5 7 -7.5 0.0332031 0.5 1 0 -0
7.5 8 -11.5 0.0332031 0.5 1 0 -0
7.5 8 -3.5 0.0605469 0.5 1 0 -0
7.5 5 7.5 0.0605469 0.5 1 0 -0
7.5 7 -7.5 0.0605469 0.5 1 0 -0
7.5 8 -2.5 0.0605469 0.5 1 0 -0
7.5 5 7.5 0.0605469 0.5 1 0 -0
7.5 8 -3.5 0.0605469 0.5 1 0 -0
7.5 8 -0.5 0.0605469 0.5 1 0 -0
7.5 5 7.5 0.0605469 0.5 1 0 -0
7.5 8 -2.5 0.0605469 0.5 1 0 -0
7.5 8 1.5 0.0605469 0.5 1 0 -0
7.5 5 7.5 0.0605469 0.5 1 0 -0
7.5 8 -0.5 0.0605469 0.5 1 0 -0
7.5 9 -3.5 0.0605469 0.5 1 0 -0
7.5 8 -3.5 0.0605469 0.5 1 0 -0
7.5 7 -7.5 0.0605469 0.5 1 0 -0
7.5 9 -3.5 0.0332031 0.5 1 0 -0
7.5 8 -2.5 0.0332031 0.5 1 0 -0
7.5 8 -3.5 0.0332031 0.5 1 0 -0
7.5 9 -2.5 0.0605469 0.5 1 0 -0
7.5 8 -0.5 0.0605469 0.5 1 0 -0
7.5 8 -2.5 0.0605469 0.5 1 0 -0
7.5 9 -2.5 0.0332031 0.5 1 0 -0
7.5 8 -2.5 0.0332031 0.5 1 0 -0
7.5 9 -3.5 0.0332031 0.5 1 0 -0
7.5 9 -0.5 0.0332031 0.5 1 0 -0
7.5 8 1.5 0.0332031 0.5 1 0 -0
7.5 8 -0.5 0.0332031 0.5 1 0 -0
7.5 9 -0.5 0.0605469 0.5 1 0 -0
7.5 8 -0.5 0.0605469 0.5 1 0 -0
7.5 9 -2.5 0.0605469 0.5 1 0 -0
7.5 10 -10.5 0.0332031 0.5 1 0 -0
7.5 7 -7.5 0.0332031 0.5 1 0 -0
7.5 8 -10.5 0.0332031 0.5 1 0 -0
7.5 10 -10.5 0.0605469 0.5 1 0 -0
7.5 8 -10.5 0.0605469 0.5 1 0 -0
7.5 8 -11.5 0.0605469 0.5 1 0 -0
7.5 10 -7.5 0.0605469 0.5 1 0 -0
7.5 9 -2.5 0.0605469 0.5 1 0 -0
7.5 9 -3.5 0.0605469 0.5 1 0 -0
7.5 10 -7.5 0.0332031 0.5 1 0 -0
7.5 7 -7.5 0.0332031 0.5 1 0 -0
7.5 10 -10.5 0.0332031 0.5 1 0 -0
7.5 10 -7.5 0.0605469 0.5 1 0 -0
7.5 9 -3.5 0.0605469 0.5 1 0 -0
7.5 7 -7.5 0.0605469 0.5 1 0 -0
7.5 10 0.5 0.0332031 0.5 1 0 -0
7.5 8 1.5 0.0332031 0.5 1 0 -0
7.5 9 -0.5 0.0332031 0.5 1 0 -0
7.5 10 0.5 0.0332031 0.5 1 0 -0
7.5 9 -0.5 0.0332031 0.5 1 0 -0
7.5 9 -2.5 0.0332031 0.5 1 0 -0
7.5 10 1.5 0.0605469 0.5 1 0 -0
7.5 5 7.5 0.0605469 0.5 1 0 -0
7.5 8 1.5 0.0605469 0.5 1 0 -0
7.5 10 1.5 0.0332031 0.5 1 0 -0
7.5 8 1.5 0.0332031 0.5 1 0 -0
7.5 10 0.5 0.0332031 0.5 1 0 -0
7.5 11 -2.5 0.0605469 0.5 1 0 -0
7.5 9 -2.5 0.0605469 0.5 1 0 -0
7.5 10 -7.5 0.0605469 0.5 1 0 -0
7.5 11 -2.5 0.0605469 0.5 1 0 -0
7.5 10 -7.5 0.0605469 0.5 1 0 -0
7.5 10 -10.5 0.0605469 0.5 1 0 -0
7.5 11 -2.5 0.0332031 0.5 1 0 -0
7.5 10 0.5 0.0332031 0.5 1 0 -0
7.5 9 -2.5 0.0332031 0.5 1 0 -0
7.5 11 0.5 0.0605469 0.5 1 0 -0
7.5 10 1.5 0.0605469 0.5 1 0 -0
7.5 10 0.5 0.0605469 0.5 1 0 -0
7.5 11 0.5 0.0332031 0.5 1 0 -0
7.5 10 0.5 0.0332031 0.5 1 0 -0
7.5 11 -2.5 0.0332031 0.5 1 0 -0
7.5 13 1.5 0.0605469 0.5 1 0 -0
7.5 5 7.5 0.0605469 0.5 1 0 -0
7.5 10 1.5 0.0605469 0.5 1 0 -0
7.5 13 1.5 0.0605469 0.5 1 0 -0
7.5 10 1.5 0.0605469 0.5 1 0 -0
7.5 11 0.5 0.0605469 0.5 1 0 -0
7.5 13 1.5 0.0605469 0.5 1 0 -0
7.5 11 0.5 0.0605469 0.5 1 0 -0
7.5 11 -2.5 0.0605469 0.5 1 0 -0
7.5 13 5.5 0.0605469 0.5 1 0 -0
7.5 5 7.5 0.0605469 0.5 1 0 -0
7.5 13 1.5 0.0605469 0.5 1 0 -0
7.5 14 1.5 0.0605469 0.5 1 0 -0
7.5 13 1.5 0.0605469 0.5 1 0 -0
7.5 11 -2.5 0.0605469 0.5 1 0 -0
7.5 14 1.5 0.0332031 0.5 1 0 -0
7.5 13 5.5 0.0332031 0.5 1 0 -0
7.5 13 1.5 0.0332031 0.5 1 0 -0
7.5 14 5.5 0.0605469 0.5 1 0 -0
7.5 5 7.5 0.0605469 0.5 1 0 -0
7.5 13 5.5 0.0605469 0.5 1 0 -0
7.5 14 5.5 0.0332031 0.5 1 0 -0
7.5 13 5.5 0.0332031 0.5 1 0 -0
7.5 14 1.5 0.0332031 0.5 1 0 -0
7.5 16 6.5 0.0605469 0.5 1 0 -0
7.5 14 5.5 0.0605469 0.5 1 0 -0
7.5 14 1.5 0.0605469 0.5 1 0 -0
7.5 16 6.5 0.0605469 0.5 1 0 -0
7.5 5 7.5 0.0605469 0.5 1 0 -0
7.5 14 5.5 0.0605469 0.5 1 0 -0
7.5 16 12.5 0.0605469 0.5 1 0 -0
7.5 4 12.5 0.0605469 0.5 1 0 -0
7.5 5 7.5 0.0605469 0.5 1 0 -0
7.5 16 12.5 0.0605469 0.5 1 0 -0
7.5 5 7.5 0.0605469 0.5 1 0 -0
7.5 16 6.5 0.0605469 0.5 1 0 -0
7.5 17 -7.5 0.0605469 0.5 1 0 -0
7.5 16 6.5 0.0605469 0.5 1 0 -0
7.5 14 1.5 0.0605469 0.5 1 0 -0
7.5 17 -7.5 0.0605469 0.5 1 0 -0
7.5 11 -2.5 0.0605469 0.5 1 0 -0
7.5 10 -10.5 0.0605469 0.5 1 0 -0
7.5 17 -7.5 0.0605469 0.5 1 0 -0
7.5 14 1.5 0.0605469 0.5 1 0 -0
7.5 11 -2.5 0.0605469 0.5 1 0 -0
7.5 17 -5.5 0.0605469 0.5 1 0 -0
7.5 16 6.5 0.0605469 0.5 1 0 -0
7.5 17 -7.5 0.0605469 0.5 1 0 -0
7.5 18 -7.5 0.0605469 0.5 1 0 -0
7.5 17 -7.5 0.0605469 0.5 1 0 -0
7.5 10 -10.5 0.0605469 0.5 1 0 -0
7.5 18 -7.5 0.0332031 0.5 1 0 -0
7.5 17 -5.5 0.0332031 0.5 1 0 -0
7.5 17 -7.5 0.0332031 0.5 1 0 -0
7.5 18 -5.5 0.0605469 0.5 1 0 -0
7.5 16 6.5 0.0605469 0.5 1 0 -0
7.5 17 -5.5 0.0605469 0.5 1 0 -0
7.5 18 -5.5 0.0332031 0.5 1 0 -0
7.5 17 -5.5 0.0332031 0.5 1 0 -0
7.5 18 -7.5 0.0332031 0.5 1 0 -0
7.5 18 -1.5 0.0605469 0.5 1 0 -0
7.5 16 6.5 0.0605469 0.5 1 0 -0
7.5 18 -5.5 0.0605469 0.5 1 0 -0
7.5 18 1.5 0.0605469 0.5 1 0 -0
7.5 16 6.5 0.0605469 0.5 1 0 -0
7.5 18 -1.5 0.0605469 0.5 1 0 -0
7.5 19 -11.5 0.0605469 0.5 1 0 -0
7.5 10 -10.5 0.0605469 0.5 1 0 -0
7.5 8 -11.5 0.0605469 0.5 1 0 -0
7.5 19 -11.5 0.0605469 0.5 1 0 -0
7.5 18 -7.5 0.0605469 0.5 1 0 -0
7.5 10 -10.5 0.0605469 0.5 1 0 -0
7.5 19 -11.5 0.0605469 0.5 1 0 -0
7.5 18 -5.5 0.0605469 0.5 1 0 -0
7.5 18 -7.5 0.0605469 0.5 1 0 -0
7.5 19 -11.5 0.0605469 0.5 1 0 -0
7.5 18 -1.5 0.0605469 0.5 1 0 -0
7.5 18 -5.5 0.0605469 0.5 1 0 -0
7.5 19 -1.5 0.0332031 0.5 1 0 -0
7.5 18 1.5 0.0332031 0.5 1 0 -0
7.5 18 -1.5 0.0332031 0.5 1 0 -0
7.5 19 -1.5 0.0605469 0.5 1 0 -0
7.5 18 -1.5 0.0605469 0.5 1 0 -0
7.5 19 -11.5 0.0605469 0.5 1 0 -0
7.5 19 1.5 0.0605469 0.5 1 0 -0
7.5 16 6.5 0.0605469 0.5 1 0 -0
7.5 18 1.5 0.0605469 0.5 1 0 -0
7.5 19 1.5 0.0332031 0.5 1 0 -0
7.5 18 1.5 0.0332031 0.5 1 0 -0
7.5 19 -1.5 0.0332031 0.5 1 0 -0
7.5 19 6.5 0.0332031 0.5 1 0 -0
7.5 16 12.5 0.0332031 0.5 1 0 -0
7.5 16 6.5 0.0332031 0.5 1 0 -0
7.5 19 6.5 0.0605469 0.5 1 0 -0
7.5 16 6.5 0.0605469 0.5 1 0 -0
7.5 19 1.5 0.0605469 0.5 1 0 -0
7.5 19 12.5 0.0332031 0.5 1 0 -0
7.5 16 12.5 0.0332031 0.5 1 0 -0
7.5 19 6.5 0.0332031 0.5 1 0 -0
-1.5 10 -15.5 0.251953 0.5 0 0 -1
-1.5 11 -15.5 0.251953 0.5 0 0 -1
1.5 10 -15.5 0.251953 0.5 0 0 -1
1.5 10 -15.5 0.251953 0.5 0 0 -1
-1.5 11 -15.5 0.251953 0.5 0 0 -1
1.5 11 -15.5 0.251953 0.5 0 0 -1
-4.5 9 -14.5 0.958984 0.5 0 0 -1
-4.5 10 -14.5 0.958984 0.5 0 0 -1
-3.5 9 -14.5 0.958984 0.5 0 0 -1
-3.5 9 -14.5 0.958984 0.5 0 0 -1
-4.5 10 -14.5 0.958984 0.5 0 0 -1
-3.5 10 -14.5 0.958984 0.5 0 0 -1
-4.5 11 -14.5 0.0332031 0.5 0 0 -1
-4.5 14 -14.5 0.0332031 0.5 0 0 -1
-3.5 12 -14.5 0.0332031 0.5 0 0 -1
-3.5 12 -14.5 0.0332031 0.5 0 0 -1
-4.5 14 -14.5 0.0332031 0.5 0 0 -1
-3.5 13 -14.5 0.0332031 0.5 0 0 -1
-4.5 11 -14.5 0.0332031 0.5 0 0 -1
-3.5 12 -14.5 0.0332031 0.5 0 0 -1
-2.5 12 -14.5 0.0332031 0.5 0 0 -1
-3.5 13 -14.5 0.0332031 0.5 0 0 -1
-4.5 14 -14.5 0.0332031 0.5 0 0 -1
-2.5 13 -14.5 0.0332031 0.5 0 0 -1
-4.5 11 -14.5 0.0332031 0.5 0 0 -1
-2.5 12 -14.5 0.0332031 0.5 0 0 -1
-1.5 11 -14.5 0.0332031 0.5 0 0 -1
-2.5 12 -14.5 0.0332031 0.5 0 0 -1
-2.5 13 -14.5 0.0332031 0.5 0 0 -1
-1.5 11 -14.5 0.0332031 0.5 0 0 -1
-1.5 11 -14.5 0.0332031 0.5 0 0 -1
-2.5 13 -14.5 0.0332031 0.5 0 0 -1
1.5 11 -14.5 0.0332031 0.5 0 0 -1
1.5 11 -14.5 0.0332031 0.5 0 0 -1
-2.5 13 -14.5 0.0332031 0.5 0 0 -1
2.5 12 -14.5 0.0332031 0.5 0 0 -1
-2.5 13 -14.5 0.0332031 0.5 0 0 -1
-4.5 14 -14.5 0.0332031 0.5 0 0 -1
2.5 13 -14.5 0.0332031 0.5 0 0 -1
2.5 12 -14.5 0.0332031 0.5 0 0 -1
-2.5 13 -14.5 0.0332031 0.5 0 0 -1
2.5 13 -14.5 0.0332031 0.5 0 0 -1
1.5 11 -14.5 0.0332031 0.5 0 0 -1
2.5 12 -14.5 0.0332031 0.5 0 0 -1
3.5 12 -14.5 0.0332031 0.5 0 0 -1
2.5 13 -14.5 0.0332031 0.5 0 0 -1
-4.5 14 -14.5 0.0332031 0.5 0 0 -1
3.5 13 -14.5 0.0332031 0.5 0 0 -1
3.5 9 -14.5 0.958984 0.5 0 0 -1
3.5 10 -14.5 0.958984 0.5 0 0 -1
4.5 9 -14.5 0.958984 0.5 0 0 -1
4.5 9 -14.5 0.958984 0.5 0 0 -1
3.5 10 -14.5 0.958984 0.5 0 0 -1
4.5 10 -14.5 0.958984 0.5 0 0 -1
3.5 12 -14.5 0.0332031 0.5 0 0 -1
3.5 13 -14.5 0.0332031 0.5 0 0 -1
4.5 11 -14.5 0.0332031 0.5 0 0 -1
1.5 11 -14.5 0.0332031 0.5 0 0 -1
3.5 12 -14.5 0.0332031 0.5 0 0 -1
4.5 11 -14.5 0.0332031 0.5 0 0 -1
3.5 13 -14.5 0.0332031 0.5 0 0 -1
-4.5 14 -14.5 0.0332031 0.5 0 0 -1
4.5 14 -14.5 0.0332031 0.5 0 0 -1
4.5 11 -14.5 0.0332031 0.5 0 0 -1
3.5 13 -14.5 0.0332031 0.5 0 0 -1
4.5 14 -14.5 0.0332031 0.5 0 0 -1
-4.5 10 -13.5 0.0605469 0.5 0 0 -1
-4.5 11 -13.5 0.0605469 0.5 0 0 -1
-3.5 10 -13.5 0.0605469 0.5 0 0 -1
-3.5 12 -13.5 0.0605469 0.5 0 0 -1
-3.5 13 -13.5 0.0605469 0.5 0 0 -1
-2.5 12 -13.5 0.0605469 0.5 0 0 -1
-2.5 12 -13.5 0.0605469 0.5 0 0 -1
-3.5 13 -13.5 0.0605469 0.5 0 0 -1
-2.5 13 -13.5 0.0605469 0.5 0 0 -1
-3.5 10 -13.5 0.0605469 0.5 0 0 -1
-4.5 11 -13.5 0.0605469 0.5 0 0 -1
-1.5 10 -13.5 0.0605469 0.5 0 0 -1
-3.5 9 -13.5 0.0605469 0.5 0 0 -1
-3.5 10 -13.5 0.0605469 0.5 0 0 -1
-1.5 10 -13.5 0.0605469 0.5 0 0 -1
-1.5 10 -13.5 0.0605469 0.5 0 0 -1
-4.5 11 -13.5 0.0605469 0.5 0 0 -1
-1.5 11 -13.5 0.0605469 0.5 0 0 -1
-3.5 9 -13.5 0.0605469 0.5 0 0 -1
-1.5 10 -13.5 0.0605469 0.5 0 0 -1
1.5 10 -13.5 0.0605469 0.5 0 0 -1
1.5 10 -13.5 0.0605469 0.5 0 0 -1
1.5 11 -13.5 0.0605469 0.5 0 0 -1
3.5 9 -13.5 0.0605469 0.5 0 0 -1
-3.5 9 -13.5 0.0605469 0.5 0 0 -1
1.5 10 -13.5 0.0605469 0.5 0 0 -1
3.5 9 -13.5 0.0605469 0.5 0 0 -1
3.5 9 -13.5 0.0605469 0.5 0 0 -1
1.5 11 -13.5 0.0605469 0.5 0 0 -1
3.5 10 -13.5 0.0605469 0.5 0 0 -1
2.5 12 -13.5 0.0605469 0.5 0 0 -1
2.5 13 -13.5 0.0605469 0.5 0 0 -1
3.5 12 -13.5 0.0605469 0.5 0 0 -1
3.5 12 -13.5 0.0605469 0.5 0 0 -1
2.5 13 -13.5 0.0605469 0.5 0 0 -1
3.5 13 -13.5 0.0605469 0.5 0 0 -1
3.5 10 -13.5 0.0605469 0.5 0 0 -1
1.5 11 -13.5 0.0605469 0.5 0 0 -1
4.5 10 -13.5 0.0605469 0.5 0 0 -1
4.5 10 -13.5 0.0605469 0.5 0 0 -1
1.5 11 -13.5 0.0605469 0.5 0 0 -1
4.5 11 -13.5 0.0605469 0.5 0 0 -1
-5.5 10 -12.5 0.0605469 0.5 0 0 -1
-5.5 13 -12.5 0.0605469 0.5 0 0 -1
-4.5 10 -12.5 0.0605469 0.5 0 0 -1
-4.5 10 -12.5 0.0605469 0.5 0 0 -1
-5.5 13 -12.5 0.0605469 0.5 0 0 -1
-4.5 13 -12.5 0.0605469 0.5 0 0 -1
-5.5 14 -12.5 0.958984 0.5 0 0 -1
-5.5 17 -12.5 0.958984 0.5 0 0 -1
-4.5 14 -12.5 0.958984 0.5 0 0 -1
-4.5 14 -12.5 0.958984 0.5 0 0 -1
-5.5 17 -12.5 0.958984 0.5 0 0 -1
-4.5 15 -12.5 0.958984 0.5 0 0 -1
-4.5 15 -12.5 0.958984 0.5 0 0 -1
-5.5 17 -12.5 0.958984 0.5 0 0 -1
-4.5 16 -12.5 0.958984 0.5 0 0 -1
-4.5 14 -12.5 0.958984 0.5 0 0 -1
-4.5 15 -12.5 0.958984 0.5 0 0 -1
-3.5 15 -12.5 0.958984 0.5 0 0 -1
-4.5 15 -12.5 0.990234 0.5 0 0 -1
-4.5 16 -12.5 0.990234 0.5 0 0 -1
-3.5 15 -12.5 0.990234 0.5 0 0 -1
-4.5 16 -12.5 0.958984 0.5 0 0 -1
-5.5 17 -12.5 0.958984 0.5 0 0 -1
-3.5 16 -12.5 0.958984 0.5 0 0 -1
-3.5 15 -12.5 0.990234 0.5 0 0 -1
-4.5 16 -12.5 0.990234 0.5 0 0 -1
-3.5 16 -12.5 0.990234 0.5 0 0 -1
-4.5 14 -12.5 0.958984 0.5 0 0 -1
-3.5 15 -12.5 0.958984 0.5 0 0 -1
-2.5 14 -12.5 0.958984 0.5 0 0 -1
-3.5 15 -12.5 0.958984 0.5 0 0 -1
-3.5 16 -12.5 0.958984 0.5 0 0 -1
-2.5 14 -12.5 0.958984 0.5 0 0 -1
-3.5 16 -12.5 0.958984 0.5 0 0 -1
-5.5 17 -12.5 0.958984 0.5 0 0 -1
-2.5 17 -12.5 0.958984 0.5 0 0 -1
-2.5 14 -12.5 0.958984 0.5 0 0 -1
-3.5 16 -12.5 0.958984 0.5 0 0 -1
-2.5 17 -12.5 0.958984 0.5 0 0 -1
-1.5 14 -12.5 0.0605469 0.5 0 0 -1
-1.5 15 -12.5 0.0605469 0.5 0 0 -1
1.5 14 -12.5 0.0605469 0.5 0 0 -1
1.5 14 -12.5 0.0605469 0.5 0 0 -1
-1.5 15 -12.5 0.0605469 0.5 0 0 -1
1.5 15 -12.5 0.0605469 0.5 0 0 -1
-3.5 8 -12.5 0.0605469 0.5 0 0 -1
-3.5 9 -12.5 0.0605469 0.5 0 0 -1
3.5 8 -12.5 0.0605469 0.5 0 0 -1
3.5 8 -12.5 0.0605469 0.5 0 0 -1
-3.5 9 -12.5 0.0605469 0.5 0 0 -1
3.5 9 -12.5 0.0605469 0.5 0 0 -1
2.5 14 -12.5 0.958984 0.5 0 0 -1
2.5 17 -12.5 0.958984 0.5 0 0 -1
3.5 15 -12.5 0.958984 0.5 0 0 -1
3.5 15 -12.5 0.958984 0.5 0 0 -1
2.5 17 -12.5 0.958984 0.5 0 0 -1
3.5 16 -12.5 0.958984 0.5 0 0 -1
2.5 14 -12.5 0.958984 0.5 0 0 -1
3.5 15 -12.5 0.958984 0.5 0 0 -1
4.5 14 -12.5 0.958984 0.5 0 0 -1
3.5 15 -12.5 0.990234 0.5 0 0 -1
3.5 16 -12.5 0.990234 0.5 0 0 -1
4.5 15 -12.5 0.990234 0.5 0 0 -1
4.5 14 -12.5 0.958984 0.5 0 0 -1
3.5 15 -12.5 0.958984 0.5 0 0 -1
4.5 15 -12.5 0.958984 0.5 0 0 -1
3.5 16 -12.5 0.958984 0.5 0 0 -1
2.5 17 -12.5 0.958984 0.5 0 0 -1
4.5 16 -12.5 0.958984 0.5 0 0 -1
4.5 15 -12.5 0.990234 0.5 0 0 -1
3.5 16 -12.5 0.990234 0.5 0 0 -1
4.5 16 -12.5 0.990234 0.5 0 0 -1
4.5 10 -12.5 0.0605469 0.5 0 0 -1
4.5 13 -12.5 0.0605469 0.5 0 0 -1
5.5 10 -12.5 0.0605469 0.5 0 0 -1
5.5 10 -12.5 0.0605469 0.5 0 0 -1
4.5 13 -12.5 0.0605469 0.5 0 0 -1
5.5 13 -12.5 0.0605469 0.5 0 0 -1
4.5 14 -12.5 0.958984 0.5 0 0 -1
4.5 15 -12.5 0.958984 0.5 0 0 -1
5.5 14 -12.5 0.958984 0.5 0 0 -1
4.5 15 -12.5 0.958984 0.5 0 0 -1
4.5 16 -12.5 0.958984 0.5 0 0 -1
5.5 14 -12.5 0.958984 0.5 0 0 -1
4.5 16 -12.5 0.958984 0.5 0 0 -1
2.5 17 -12.5 0.958984 0.5 0 0 -1
5.5 17 -12.5 0.958984 0.5 0 0 -1
5.5 14 -12.5 0.958984 0.5 0 0 -1
4.5 16 -12.5 0.958984 0.5 0 0 -1
5.5 17 -12.5 0.958984 0.5 0 0 -1
-7.5 4 -11.5 0.0332031 0.5 0 0 -1
-7.5 5 -11.5 0.0332031 0.5 0 0 -1
-6.5 4 -11.5 0.0332031 0.5 0 0 -1
-7.5 5 -11.5 0.0605469 0.5 0 0 -1
-7.5 17 -11.5 0.0605469 0.5 0 0 -1
-6.5 5 -11.5 0.0605469 0.5 0 0 -1
-6.5 4 -11.5 0.0332031 0.5 0 0 -1
-7.5 5 -11.5 0.0332031 0.5 0 0 -1
-6.5 5 -11.5 0.0332031 0.5 0 0 -1
-7.5 17 -11.5 0.0332031 0.5 0 0 -1
-7.5 19 -11.5 0.0332031 0.5 0 0 -1
-6.5 17 -11.5 0.0332031 0.5 0 0 -1
-6.5 5 -11.5 0.0605469 0.5 0 0 -1
-7.5 17 -11.5 0.0605469 0.5 0 0 -1
-6.5 17 -11.5 0.0605469 0.5 0 0 -1
-6.5 17 -11.5 0.0332031 0.5 0 0 -1
-7.5 19 -11.5 0.0332031 0.5 0 0 -1
-6.5 19 -11.5 0.0332031 0.5 0 0 -1
-6.5 4 -11.5 0.0605469 0.5 0 0 -1
-6.5 5 -11.5 0.0605469 0.5 0 0 -1
-5.5 10 -11.5 0.0605469 0.5 0 0 -1
-6.5 5 -11.5 0.0605469 0.5 0 0 -1
-6.5 17 -11.5 0.0605469 0.5 0 0 -1
-5.5 10 -11.5 0.0605469 0.5 0 0 -1
-6.5 17 -11.5 0.0605469 0.5 0 0 -1
-6.5 19 -11.5 0.0605469 0.5 0 0 -1
-5.5 10 -11.5 0.0605469 0.5 0 0 -1
-5.5 10 -11.5 0.0605469 0.5 0 0 -1
-6.5 19 -11.5 0.0605469 0.5 0 0 -1
-5.5 13 -11.5 0.0605469 0.5 0 0 -1
-5.5 13 -11.5 0.0605469 0.5 0 0 -1
-6.5 19 -11.5 0.0605469 0.5 0 0 -1
-5.5 14 -11.5 0.0605469 0.5 0 0 -1
-5.5 14 -11.5 0.0605469 0.5 0 0 -1
-6.5 19 -11.5 0.0605469 0.5 0 0 -1
-5.5 17 -11.5 0.0605469 0.5 0 0 -1
-6.5 4 -11.5 0.0605469 0.5 0 0 -1
-5.5 10 -11.5 0.0605469 0.5 0 0 -1
-4.5 9 -11.5 0.0605469 0.5 0 0 -1
-4.5 9 -11.5 0.0605469 0.5 0 0 -1
-5.5 10 -11.5 0.0605469 0.5 0 0 -1
-4.5 10 -11.5 0.0605469 0.5 0 0 -1
-5.5 13 -11.5 0.0605469 0.5 0 0 -1
-5.5 14 -11.5 0.0605469 0.5 0 0 -1
-4.5 13 -11.5 0.0605469 0.5 0 0 -1
-4.5 13 -11.5 0.0605469 0.5 0 0 -1
-5.5 14 -11.5 0.0605469 0.5 0 0 -1
-4.5 14 -11.5 0.0605469 0.5 0 0 -1
-6.5 4 -11.5 0.0605469 0.5 0 0 -1
-4.5 9 -11.5 0.0605469 0.5 0 0 -1
-3.5 6 -11.5 0.0605469 0.5 0 0 -1
-3.5 6 -11.5 0.0605469 0.5 0 0 -1
-4.5 9 -11.5 0.0605469 0.5 0 0 -1
-3.5 7 -11.5 0.0605469 0.5 0 0 -1
-3.5 7 -11.5 0.0605469 0.5 0 0 -1
-4.5 9 -11.5 0.0605469 0.5 0 0 -1
-3.5 8 -11.5 0.0605469 0.5 0 0 -1
-3.5 8 -11.5 0.0605469 0.5 0 0 -1
-4.5 9 -11.5 0.0605469 0.5 0 0 -1
-3.5 9 -11.5 0.0605469 0.5 0 0 -1
-5.5 17 -11.5 0.0605469 0.5 0 0 -1
-6.5 19 -11.5 0.0605469 0.5 0 0 -1
-2.5 17 -11.5 0.0605469 0.5 0 0 -1
-3.5 6 -11.5 0.0332031 0.5 0 0 -1
-3.5 7 -11.5 0.0332031 0.5 0 0 -1
-1.5 6 -11.5 0.0332031 0.5 0 0 -1
-6.5 4 -11.5 0.0605469 0.5 0 0 -1
-3.5 6 -11.5 0.0605469 0.5 0 0 -1
-1.5 6 -11.5 0.0605469 0.5 0 0 -1
-3.5 7 -11.5 0.0605469 0.5 0 0 -1
-3.5 8 -11.5 0.0605469 0.5 0 0 -1
-1.5 7 -11.5 0.0605469 0.5 0 0 -1
-1.5 6 -11.5 0.0332031 0.5 0 0 -1
-3.5 7 -11.5 0.0332031 0.5 0 0 -1
-1.5 7 -11.5 0.0332031 0.5 0 0 -1
-2.5 14 -11.5 0.0605469 0.5 0 0 -1
-2.5 17 -11.5 0.0605469 0.5 0 0 -1
-1.5 14 -11.5 0.0605469 0.5 0 0 -1
-1.5 14 -11.5 0.0605469 0.5 0 0 -1
-2.5 17 -11.5 0.0605469 0.5 0 0 -1
-1.5 15 -11.5 0.0605469 0.5 0 0 -1
-1.5 15 -11.5 0.0605469 0.5 0 0 -1
-2.5 17 -11.5 0.0605469 0.5 0 0 -1
1.5 15 -11.5 0.0605469 0.5 0 0 -1
1.5 14 -11.5 0.0605469 0.5 0 0 -1
1.5 15 -11.5 0.0605469 0.5 0 0 -1
2.5 14 -11.5 0.0605469 0.5 0 0 -1
-2.5 17 -11.5 0.0605469 0.5 0 0 -1
-6.5 19 -11.5 0.0605469 0.5 0 0 -1
2.5 17 -11.5 0.0605469 0.5 0 0 -1
2.5 14 -11.5 0.0605469 0.5 0 0 -1
1.5 15 -11.5 0.0605469 0.5 0 0 -1
2.5 17 -11.5 0.0605469 0.5 0 0 -1
1.5 15 -11.5 0.0605469 0.5 0 0 -1
-2.5 17 -11.5 0.0605469 0.5 0 0 -1
2.5 17 -11.5 0.0605469 0.5 0 0 -1
-1.5 7 -11.5 0.0605469 0.5 0 0 -1
-3.5 8 -11.5 0.0605469 0.5 0 0 -1
3.5 8 -11.5 0.0605469 0.5 0 0 -1
-1.5 6 -11.5 0.0605469 0.5 0 0 -1
-1.5 7 -11.5 0.0605469 0.5 0 0 -1
3.5 8 -11.5 0.0605469 0.5 0 0 -1
3.5 8 -11.5 0.0605469 0.5 0 0 -1
3.5 9 -11.5 0.0605469 0.5 0 0 -1
4.5 9 -11.5 0.0605469 0.5 0 0 -1
4.5 9 -11.5 0.0605469 0.5 0 0 -1
4.5 10 -11.5 0.0605469 0.5 0 0 -1
5.5 10 -11.5 0.0605469 0.5 0 0 -1
4.5 13 -11.5 0.0605469 0.5 0 0 -1
4.5 14 -11.5 0.0605469 0.5 0 0 -1
5.5 13 -11.5 0.0605469 0.5 0 0 -1
5.5 13 -11.5 0.0605469 0.5 0 0 -1
4.5 14 -11.5 0.0605469 0.5 0 0 -1
5.5 14 -11.5 0.0605469 0.5 0 0 -1
2.5 17 -11.5 0.0605469 0.5 0 0 -1
-6.5 19 -11.5 0.0605469 0.5 0 0 -1
5.5 17 -11.5 0.0605469 0.5 0 0 -1
-6.5 4 -11.5 0.0605469 0.5 0 0 -1
-1.5 6 -11.5 0.0605469 0.5 0 0 -1
6.5 6 -11.5 0.0605469 0.5 0 0 -1
5.5 14 -11.5 0.0605469 0.5 0 0 -1
5.5 17 -11.5 0.0605469 0.5 0 0 -1
6.5 6 -11.5 0.0605469 0.5 0 0 -1
5.5 13 -11.5 0.0605469 0.5 0 0 -1
5.5 14 -11.5 0.0605469 0.5 0 0 -1
6.5 6 -11.5 0.0605469 0.5 0 0 -1
-1.5 6 -11.5 0.0605469 0.5 0 0 -1
3.5 8 -11.5 0.0605469 0.5 0 0 -1
6.5 6 -11.5 0.0605469 0.5 0 0 -1
5.5 10 -11.5 0.0605469 0.5 0 0 -1
5.5 13 -11.5 0.0605469 0.5 0 0 -1
6.5 6 -11.5 0.0605469 0.5 0 0 -1
3.5 8 -11.5 0.0605469 0.5 0 0 -1
4.5 9 -11.5 0.0605469 0.5 0 0 -1
6.5 6 -11.5 0.0605469 0.5 0 0 -1
4.5 9 -11.5 0.0605469 0.5 0 0 -1
5.5 10 -11.5 0.0605469 0.5 0 0 -1
6.5 6 -11.5 0.0605469 0.5 0 0 -1
6.5 6 -11.5 0.0605469 0.5 0 0 -1
5.5 17 -11.5 0.0605469 0.5 0 0 -1
6.5 8 -11.5 0.0605469 0.5 0 0 -1
-6.5 4 -11.5 0.0605469 0.5 0 0 -1
6.5 6 -11.5 0.0605469 0.5 0 0 -1
7.5 4 -11.5 0.0605469 0.5 0 0 -1
6.5 6 -11.5 0.0332031 0.5 0 0 -1
6.5 8 -11.5 0.0332031 0.5 0 0 -1
7.5 6 -11.5 0.0332031 0.5 0 0 -1
7.5 4 -11.5 0.0605469 0.5 0 0 -1
6.5 6 -11.5 0.0605469 0.5 0 0 -1
7.5 6 -11.5 0.0605469 0.5 0 0 -1
6.5 8 -11.5 0.0605469 0.5 0 0 -1
5.5 17 -11.5 0.0605469 0.5 0 0 -1
7.5 8 -11.5 0.0605469 0.5 0 0 -1
7.5 6 -11.5 0.0332031 0.5 0 0 -1
6.5 8 -11.5 0.0332031 0.5 0 0 -1
7.5 8 -11.5 0.0332031 0.5 0 0 -1
5.5 17 -11.5 0.0605469 0.5 0 0 -1
-6.5 19 -11.5 0.0605469 0.5 0 0 -1
7.5 19 -11.5 0.0605469 0.5 0 0 -1
7.5 8 -11.5 0.0605469 0.5 0 0 -1
5.5 17 -11.5 0.0605469 0.5 0 0 -1
7.5 19 -11.5 0.0605469 0.5 0 0 -1
-5.5 0 -9.5 0.0332031 0.5 0 0 -1
-5.5 1 -9.5 0.0332031 0.5 0 0 -1
-2.5 0 -9.5 0.0332031 0.5 0 0 -1
-5.5 1 -9.5 0.0605469 0.5 0 0 -1
-5.5 3 -9.5 0.0605469 0.5 0 0 -1
-2.5 1 -9.5 0.0605469 0.5 0 0 -1
-2.5 0 -9.5 0.0332031 0.5 0 0 -1
-5.5 1 -9.5 0.0332031 0.5 0 0 -1
-2.5 1 -9.5 0.0332031 0.5 0 0 -1
-5.5 3 -9.5 0.396484 0.5 0 0 -1
-5.5 4 -9.5 0.396484 0.5 0 0 -1
-2.5 3 -9.5 0.396484 0.5 0 0 -1
-2.5 1 -9.5 0.0605469 0.5 0 0 -1
-5.5 3 -9.5 0.0605469 0.5 0 0 -1
-2.5 3 -9.5 0.0605469 0.5 0 0 -1
-2.5 3 -9.5 0.396484 0.5 0 0 -1
-5.5 4 -9.5 0.396484 0.5 0 0 -1
-2.5 4 -9.5 0.396484 0.5 0 0 -1
2.5 0 -9.5 0.0332031 0.5 0 0 -1
2.5 1 -9.5 0.0332031 0.5 0 0 -1
5.5 0 -9.5 0.0332031 0.5 0 0 -1
2.5 1 -9.5 0.0605469 0.5 0 0 -1
2.5 3 -9.5 0.0605469 0.5 0 0 -1
5.5 1 -9.5 0.0605469 0.5 0 0 -1
5.5 0 -9.5 0.0332031 0.5 0 0 -1
2.5 1 -9.5 0.0332031 0.5 0 0 -1
5.5 1 -9.5 0.0332031 0.5 0 0 -1
2.5 3 -9.5 0.396484 0.5 0 0 -1
2.5 4 -9.5 0.396484 0.5 0 0 -1
5.5 3 -9.5 0.396484 0.5 0 0 -1
5.5 1 -9.5 0.0605469 0.5 0 0 -1
2.5 3 -9.5 0.0605469 0.5 0 0 -1
5.5 3 -9.5 0.0605469 0.5 0 0 -1
5.5 3 -9.5 0.396484 0.5 0 0 -1
2.5 4 -9.5 0.396484 0.5 0 0 -1
5.5 4 -9.5 0.396484 0.5 0 0 -1
-5.5 19 -8.5 0.0605469 0.5 0 0 -1
-5.5 22 -8.5 0.0605469 0.5 0 0 -1
-4.5 20 -8.5 0.0605469 0.5 0 0 -1
-4.5 20 -8.5 0.0605469 0.5 0 0 -1
-5.5 22 -8.5 0.0605469 0.5 0 0 -1
-4.5 21 -8.5 0.0605469 0.5 0 0 -1
-5.5 19 -8.5 0.0605469 0.5 0 0 -1
-4.5 20 -8.5 0.0605469 0.5 0 0 -1
-3.5 20 -8.5 0.0605469 0.5 0 0 -1
-4.5 20 -8.5 0.0332031 0.5 0 0 -1
-4.5 21 -8.5 0.0332031 0.5 0 0 -1
-3.5 20 -8.5 0.0332031 0.5 0 0 -1
-4.5 21 -8.5 0.0605469 0.5 0 0 -1
-5.5 22 -8.5 0.0605469 0.5 0 0 -1
-3.5 21 -8.5 0.0605469 0.5 0 0 -1
-3.5 20 -8.5 0.0332031 0.5 0 0 -1
-4.5 21 -8.5 0.0332031 0.5 0 0 -1
-3.5 21 -8.5 0.0332031 0.5 0 0 -1
-5.5 19 -8.5 0.0605469 0.5 0 0 -1
-3.5 20 -8.5 0.0605469 0.5 0 0 -1
-2.5 19 -8.5 0.0605469 0.5 0 0 -1
-3.5 20 -8.5 0.0605469 0.5 0 0 -1
-3.5 21 -8.5 0.0605469 0.5 0 0 -1
-2.5 19 -8.5 0.0605469 0.5 0 0 -1
-3.5 21 -8.5 0.0605469 0.5 0 0 -1
-5.5 22 -8.5 0.0605469 0.5 0 0 -1
-2.5 22 -8.5 0.0605469 0.5 0 0 -1
-2.5 19 -8.5 0.0605469 0.5 0 0 -1
-3.5 21 -8.5 0.0605469 0.5 0 0 -1
-2.5 22 -8.5 0.0605469 0.5 0 0 -1
2.5 19 -8.5 0.0605469 0.5 0 0 -1
2.5 22 -8.5 0.0605469 0.5 0 0 -1
3.5 20 -8.5 0.0605469 0.5 0 0 -1
3.5 20 -8.5 0.0605469 0.5 0 0 -1
2.5 22 -8.5 0.0605469 0.5 0 0 -1
3.5 21 -8.5 0.0605469 0.5 0 0 -1
2.5 19 -8.5 0.0605469 0.5 0 0 -1
3.5 20 -8.5 0.0605469 0.5 0 0 -1
4.5 20 -8.5 0.0605469 0.5 0 0 -1
3.5 20 -8.5 0.0332031 0.5 0 0 -1
3.5 21 -8.5 0.0332031 0.5 0 0 -1
4.5 20 -8.5 0.0332031 0.5 0 0 -1
3.5 21 -8.5 0.0605469 0.5 0 0 -1
2.5 22 -8.5 0.0605469 0.5 0 0 -1
4.5 21 -8.5 0.0605469 0.5 0 0 -1
4.5 20 -8.5 0.0332031 0.5 0 0 -1
3.5 21 -8.5 0.0332031 0.5 0 0 -1
4.5 21 -8.5 0.0332031 0.5 0 0 -1
2.5 19 -8.5 0.0605469 0.5 0 0 -1
4.5 20 -8.5 0.0605469 0.5 0 0 -1
5.5 19 -8.5 0.0605469 0.5 0 0 -1
4.5 20 -8.5 0.0605469 0.5 0 0 -1
4.5 21 -8.5 0.0605469 0.5 0 0 -1
5.5 19 -8.5 0.0605469 0.5 0 0 -1
4.5 21 -8.5 0.0605469 0.5 0 0 -1
2.5 22 -8.5 0.0605469 0.5 0 0 -1
5.5 22 -8.5 0.0605469 0.5 0 0 -1
5.5 19 -8.5 0.0605469 0.5 0 0 -1
4.5 21 -8.5 0.0605469 0.5 0 0 -1
5.5 22 -8.5 0.0605469 0.5 0 0 -1
-5.5 0 6.5 0.0332031 0.5 0 0 -1
-5.5 1 6.5 0.0332031 0.5 0 0 -1
-2.5 0 6.5 0.0332031 0.5 0 0 -1
-5.5 1 6.5 0.0605469 0.5 0 0 -1
-5.5 3 6.5 0.0605469 0.5 0 0 -1
-2.5 1 6.5 0.0605469 0.5 0 0 -1
-2.5 0 6.5 0.0332031 0.5 0 0 -1
-5.5 1 6.5 0.0332031 0.5 0 0 -1
-2.5 1 6.5 0.0332031 0.5 0 0 -1
-5.5 3 6.5 0.396484 0.5 0 0 -1
-5.5 4 6.5 0.396484 0.5 0 0 -1
-2.5 3 6.5 0.396484 0.5 0 0 -1
-2.5 1 6.5 0.0605469 0.5 0 0 -1
-5.5 3 6.5 0.0605469 0.5 0 0 -1
-2.5 3 6.5 0.0605469 0.5 0 0 -1
-2.5 3 6.5 0.396484 0.5 0 0 -1
-5.5 4 6.5 0.396484 0.5 0 0 -1
-2.5 4 6.5 0.396484 0.5 0 0 -1
2.5 3 6.5 0.396484 0.5 0 0 -1
2.5 4 6.5 0.396484 0.5 0 0 -1
3.5 4 6.5 0.396484 0.5 0 0 -1
2.5 0 6.5 0.0332031 0.5 0 0 -1
2.5 1 6.5 0.0332031 0.5 0 0 -1
5.5 0 6.5 0.0332031 0.5 0 0 -1
2.5 1 6.5 0.0605469 0.5 0 0 -1
2.5 3 6.5 0.0605469 0.5 0 0 -1
5.5 1 6.5 0.0605469 0.5 0 0 -1
5.5 0 6.5 0.0332031 0.5 0 0 -1
2.5 1 6.5 0.0332031 0.5 0 0 -1
5.5 1 6.5 0.0332031 0.5 0 0 -1
2.5 3 6.5 0.396484 0.5 0 0 -1
3.5 4 6.5 0.396484 0.5 0 0 -1
5.5 3 6.5 0.396484 0.5 0 0 -1
5.5 1 6.5 0.0605469 0.5 0 0 -1
2.5 3 6.5 0.0605469 0.5 0 0 -1
5.5 3 6.5 0.0605469 0.5 0 0 -1
5.5 3 6.5 0.396484 0.5 0 0 -1
3.5 4 6.5 0.396484 0.5 0 0 -1
5.5 4 6.5 0.396484 0.5 0 0 -1
-2.5 0 -6.5 0.0332031 0.5 0 0 1
-5.5 1 -6.5 0.0332031 0.5 0 0 1
-5.5 0 -6.5 0.0332031 0.5 0 0 1
-2.5 1 -6.5 0.0605469 0.5 0 0 1
-5.5 3 -6.5 0.0605469 0.5 0 0 1
-5.5 1 -6.5 0.0605469 0.5 0 0 1
-2.5 1 -6.5 0.0332031 0.5 0 0 1
-5.5 1 -6.5 0.0332031 0.5 0 0 1
-2.5 0 -6.5 0.0332031 0.5 0 0 1
-2.5 3 -6.5 0.396484 0.5 0 0 1
-5.5 4 -6.5 0.396484 0.5 0 0 1
-5.5 3 -6.5 0.396484 0.5 0 0 1
-2.5 3 -6.5 0.0605469 0.5 0 0 1
-5.5 3 -6.5 0.0605469 0.5 0 0 1
-2.5 1 -6.5 0.0605469 0.5 0 0 1
-2.5 4 -6.5 0.396484 0.5 0 0 1
-5.5 4 -6.5 0.396484 0.5 0 0 1
-2.5 3 -6.5 0.396484 0.5 0 0 1
5.5 0 -6.5 0.0332031 0.5 0 0 1
2.5 1 -6.5 0.0332031 0.5 0 0 1
2.5 0 -6.5 0.0332031 0.5 0 0 1
5.5 1 -6.5 0.0605469 0.5 0 0 1
2.5 3 -6.5 0.0605469 0.5 0 0 1
2.5 1 -6.5 0.0605469 0.5 0 0 1
5.5 1 -6.5 0.0332031 0.5 0 0 1
2.5 1 -6.5 0.0332031 0.5 0 0 1
5.5 0 -6.5 0.0332031 0.5 0 0 1
5.5 3 -6.5 0.396484 0.5 0 0 1
2.5 4 -6.5 0.396484 0.5 0 0 1
2.5 3 -6.5 0.396484 0.5 0 0 1
5.5 3 -6.5 0.0605469 0.5 0 0 1
2.5 3 -6.5 0.0605469 0.5 0 0 1
5.5 1 -6.5 0.0605469 0.5 0 0 1
5.5 4 -6.5 0.396484 0.5 0 0 1
2.5 4 -6.5 0.396484 0.5 0 0 1
5.5 3 -6.5 0.396484 0.5 0 0 1
-2.5 19 -5.5 0.0605469 0.5 0 0 1
-5.5 22 -5.5 0.0605469 0.5 0 0 1
-5.5 19 -5.5 0.0605469 0.5 0 0 1
-2.5 22 -5.5 0.0605469 0.5 0 0 1
-5.5 22 -5.5 0.0605469 0.5 0 0 1
-2.5 19 -5.5 0.0605469 0.5 0 0 1
5.5 19 -5.5 0.0605469 0.5 0 0 1
2.5 22 -5.5 0.0605469 0.5 0 0 1
2.5 19 -5.5 0.0605469 0.5 0 0 1
5.5 22 -5.5 0.0605469 0.5 0 0 1
2.5 22 -5.5 0.0605469 0.5 0 0 1
5.5 19 -5.5 0.0605469 0.5 0 0 1
-2.5 0 9.5 0.0332031 0.5 0 0 1
-5.5 1 9.5 0.0332031 0.5 0 0 1
-5.5 0 9.5 0.0332031 0.5 0 0 1
-2.5 1 9.5 0.0605469 0.5 0 0 1
-5.5 3 9.5 0.0605469 0.5 0 0 1
-5.5 1 9.5 0.0605469 0.5 0 0 1
-2.5 1 9.5 0.0332031 0.5 0 0 1
-5.5 1 9.5 0.0332031 0.5 0 0 1
-2.5 0 9.5 0.0332031 0.5 0 0 1
-2.5 3 9.5 0.396484 0.5 0 0 1
-5.5 4 9.5 0.396484 0.5 0 0 1
-5.5 3 9.5 0.396484 0.5 0 0 1
-2.5 3 9.5 0.0605469 0.5 0 0 1
-5.5 3 9.5 0.0605469 0.5 0 0 1
-2.5 1 9.5 0.0605469 0.5 0 0 1
-2.5 4 9.5 0.396484 0.5 0 0 1
-5.5 4 9.5 0.396484 0.5 0 0 1
-2.5 3 9.5 0.396484 0.5 0 0 1
5.5 0 9.5 0.0332031 0.5 0 0 1
2.5 1 9.5 0.0332031 0.5 0 0 1
2.5 0 9.5 0.0332031 0.5 0 0 1
5.5 1 9.5 0.0605469 0.5 0 0 1
2.5 3 9.5 0.0605469 0.5 0 0 1
2.5 1 9.5 0.0605469 0.5 0 0 1
5.5 1 9.5 0.0332031 0.5 0 0 1
2.5 1 9.5 0.0332031 0.5 0 0 1
5.5 0 9.5 0.0332031 0.5 0 0 1
5.5 3 9.5 0.396484 0.5 0 0 1
2.5 4 9.5 0.396484 0.5 0 0 1
2.5 3 9.5 0.396484 0.5 0 0 1
5.5 3 9.5 0.0605469 0.5 0 0 1
2.5 3 9.5 0.0605469 0.5 0 0 1
5.5 1 9.5 0.0605469 0.5 0 0 1
5.5 4 9.5 0.396484 0.5 0 0 1
2.5 4 9.5 0.396484 0.5 0 0 1
5.5 3 9.5 0.396484 0.5 0 0 1
-6.5 17 12.5 0.0605469 0.5 0 0 1
-7.5 19 12.5 0.0605469 0.5 0 0 1
-7.5 7 12.5 0.0605469 0.5 0 0 1
-6.5 19 12.5 0.0605469 0.5 0 0 1
-7.5 19 12.5 0.0605469 0.5 0 0 1
-6.5 17 12.5 0.0605469 0.5 0 0 1
-4.5 6 12.5 0.0605469 0.5 0 0 1
-7.5 6 12.5 0.0605469 0.5 0 0 1
-7.5 4 12.5 0.0605469 0.5 0 0 1
-4.5 6 12.5 0.0332031 0.5 0 0 1
-7.5 7 12.5 0.0332031 0.5 0 0 1
-7.5 6 12.5 0.0332031 0.5 0 0 1
-4.5 7 12.5 0.0605469 0.5 0 0 1
-6.5 17 12.5 0.0605469 0.5 0 0 1
-7.5 7 12.5 0.0605469 0.5 0 0 1
-4.5 7 12.5 0.0332031 0.5 0 0 1
-7.5 7 12.5 0.0332031 0.5 0 0 1
-4.5 6 12.5 0.0332031 0.5 0 0 1
-4.5 14 12.5 0.0605469 0.5 0 0 1
-6.5 17 12.5 0.0605469 0.5 0 0 1
-4.5 7 12.5 0.0605469 0.5 0 0 1
-4.5 17 12.5 0.0332031 0.5 0 0 1
-6.5 19 12.5 0.0332031 0.5 0 0 1
-6.5 17 12.5 0.0332031 0.5 0 0 1
-4.5 17 12.5 0.0605469 0.5 0 0 1
-6.5 17 12.5 0.0605469 0.5 0 0 1
-4.5 14 12.5 0.0605469 0.5 0 0 1
-4.5 19 12.5 0.0332031 0.5 0 0 1
-6.5 19 12.5 0.0332031 0.5 0 0 1
-4.5 17 12.5 0.0332031 0.5 0 0 1
1.5 4 12.5 0.0605469 0.5 0 0 1
-4.5 6 12.5 0.0605469 0.5 0 0 1
-7.5 4 12.5 0.0605469 0.5 0 0 1
1.5 4 12.5 0.0605469 0.5 0 0 1
-4.5 7 12.5 0.0605469 0.5 0 0 1
-4.5 6 12.5 0.0605469 0.5 0 0 1
1.5 5 12.5 0.0605469 0.5 0 0 1
-4.5 7 12.5 0.0605469 0.5 0 0 1
1.5 4 12.5 0.0605469 0.5 0 0 1
2.5 17 12.5 0.0605469 0.5 0 0 1
-4.5 19 12.5 0.0605469 0.5 0 0 1
-4.5 17 12.5 0.0605469 0.5 0 0 1
2.5 17 12.5 0.0605469 0.5 0 0 1
-4.5 17 12.5 0.0605469 0.5 0 0 1
-4.5 14 12.5 0.0605469 0.5 0 0 1
2.5 19 12.5 0.0605469 0.5 0 0 1
-4.5 19 12.5 0.0605469 0.5 0 0 1
2.5 17 12.5 0.0605469 0.5 0 0 1
3.5 4 12.5 0.0332031 0.5 0 0 1
1.5 5 12.5 0.0332031 0.5 0 0 1
1.5 4 12.5 0.0332031 0.5 0 0 1
3.5 5 12.5 0.0605469 0.5 0 0 1
-4.5 7 12.5 0.0605469 0.5 0 0 1
1.5 5 12.5 0.0605469 0.5 0 0 1
3.5 5 12.5 0.0332031 0.5 0 0 1
1.5 5 12.5 0.0332031 0.5 0 0 1
3.5 4 12.5 0.0332031 0.5 0 0 1
4.5 7 12.5 0.0605469 0.5 0 0 1
3.5 5 12.5 0.0605469 0.5 0 0 1
3.5 4 12.5 0.0605469 0.5 0 0 1
4.5 7 12.5 0.0605469 0.5 0 0 1
-4.5 7 12.5 0.0605469 0.5 0 0 1
3.5 5 12.5 0.0605469 0.5 0 0 1
4.5 14 12.5 0.0605469 0.5 0 0 1
2.5 17 12.5 0.0605469 0.5 0 0 1
-4.5 14 12.5 0.0605469 0.5 0 0 1
4.5 16 12.5 0.0605469 0.5 0 0 1
2.5 17 12.5 0.0605469 0.5 0 0 1
4.5 14 12.5 0.0605469 0.5 0 0 1
4.5 17 12.5 0.0332031 0.5 0 0 1
2.5 19 12.5 0.0332031 0.5 0 0 1
2.5 17 12.5 0.0332031 0.5 0 0 1
4.5 17 12.5 0.0605469 0.5 0 0 1
2.5 17 12.5 0.0605469 0.5 0 0 1
4.5 16 12.5 0.0605469 0.5 0 0 1
7.5 4 12.5 0.0605469 0.5 0 0 1
4.5 7 12.5 0.0605469 0.5 0 0 1
3.5 4 12.5 0.0605469 0.5 0 0 1
7.5 4 12.5 0.0605469 0.5 0 0 1
4.5 16 12.5 0.0605469 0.5 0 0 1
4.5 14 12.5 0.0605469 0.5 0 0 1
7.5 4 12.5 0.0605469 0.5 0 0 1
4.5 14 12.5 0.0605469 0.5 0 0 1
4.5 7 12.5 0.0605469 0.5 0 0 1
7.5 16 12.5 0.0332031 0.5 0 0 1
4.5 17 12.5 0.0332031 0.5 0 0 1
4.5 16 12.5 0.0332031 0.5 0 0 1
7.5 16 12.5 0.0605469 0.5 0 0 1
4.5 16 12.5 0.0605469 0.5 0 0 1
7.5 4 12.5 0.0605469 0.5 0 0 1
7.5 19 12.5 0.0332031 0.5 0 0 1
2.5 19 12.5 0.0332031 0.5 0 0 1
4.5 17 12.5 0.0332031 0.5 0 0 1
7.5 19 12.5 0.0332031 0.5 0 0 1
4.5 17 12.5 0.0332031 0.5 0 0 1
7.5 16 12.5 0.0332031 0.5 0 0 1
-3.5 8 13.5 0.0605469 0.5 0 0 1
-4.5 14 13.5 0.0605469 0.5 0 0 1
-4.5 7 13.5 0.0605469 0.5 0 0 1
-3.5 13 13.5 0.0605469 0.5 0 0 1
-4.5 14 13.5 0.0605469 0.5 0 0 1
-3.5 8 13.5 0.0605469 0.5 0 0 1
3.5 8 13.5 0.0605469 0.5 0 0 1
-3.5 8 13.5 0.0605469 0.5 0 0 1
-4.5 7 13.5 0.0605469 0.5 0 0 1
3.5 13 13.5 0.0605469 0.5 0 0 1
-4.5 14 13.5 0.0605469 0.5 0 0 1
-3.5 13 13.5 0.0605469 0.5 0 0 1
4.5 7 13.5 0.0605469 0.5 0 0 1
3.5 8 13.5 0.0605469 0.5 0 0 1
-4.5 7 13.5 0.0605469 0.5 0 0 1
4.5 7 13.5 0.0605469 0.5 0 0 1
3.5 13 13.5 0.0605469 0.5 0 0 1
3.5 8 13.5 0.0605469 0.5 0 0 1
4.5 14 13.5 0.0605469 0.5 0 0 1
-4.5 14 13.5 0.0605469 0.5 0 0 1
3.5 13 13.5 0.0605469 0.5 0 0 1
4.5 14 13.5 0.0605469 0.5 0 0 1
3.5 13 13.5 0.0605469 0.5 0 0 1
4.5 7 13.5 0.0605469 0.5 0 0 1
-1.5 9 14.5 0.0605469 0.5 0 0 1
-3.5 13 14.5 0.0605469 0.5 0 0 1
-3.5 8 14.5 0.0605469 0.5 0 0 1
-1.5 12 14.5 0.0605469 0.5 0 0 1
-3.5 13 14.5 0.0605469 0.5 0 0 1
-1.5 9 14.5 0.0605469 0.5 0 0 1
1.5 9 14.5 0.0605469 0.5 0 0 1
-1.5 9 14.5 0.0605469 0.5 0 0 1
-3.5 8 14.5 0.0605469 0.5 0 0 1
1.5 12 14.5 0.0605469 0.5 0 0 1
-3.5 13 14.5 0.0605469 0.5 0 0 1
-1.5 12 14.5 0.0605469 0.5 0 0 1
3.5 8 14.5 0.0605469 0.5 0 0 1
1.5 9 14.5 0.0605469 0.5 0 0 1
-3.5 8 14.5 0.0605469 0.5 0 0 1
3.5 8 14.5 0.0605469 0.5 0 0 1
1.5 12 14.5 0.0605469 0.5 0 0 1
1.5 9 14.5 0.0605469 0.5 0 0 1
3.5 13 14.5 0.0605469 0.5 0 0 1
-3.5 13 14.5 0.0605469 0.5 0 0 1
1.5 12 14.5 0.0605469 0.5 0 0 1
3.5 13 14.5 0.0605469 0.5 0 0 1
1.5 12 14.5 0.0605469 0.5 0 0 1
3.5 8 14.5 0.0605469 0.5 0 0 1
1.5 9 15.5 0.0605469 0.5 0 0 1
-1.5 12 15.5 0.0605469 0.5 0 0 1
-1.5 9 15.5 0.0605469 0.5 0 0 1
1.5 12 15.5 0.0605469 0.5 0 0 1
-1.5 12 15.5 0.0605469 0.5 0 0 1
1.5 9 15.5 0.0605469 0.5 0 0 1
-5.5 0 -9.5 0.0332031 0.5 0 -1 -0
-2.5 0 -9.5 0.0332031 0.5 0 -1 -0
-5.5 0 -6.5 0.0332031 0.5 0 -1 -0
-5.5 0 -6.5 0.0332031 0.5 0 -1 -0
-2.5 0 -9.5 0.0332031 0.5 0 -1 -0
-2.5 0 -6.5 0.0332031 0.5 0 -1 -0
2.5 0 -9.5 0.0332031 0.5 0 -1 -0
5.5 0 -9.5 0.0332031 0.5 0 -1 -0
2.5 0 -6.5 0.0332031 0.5 0 -1 -0
2.5 0 -6.5 0.0332031 0.5 0 -1 -0
5.5 0 -9.5 0.0332031 0.5 0 -1 -0
5.5 0 -6.5 0.0332031 0.5 0 -1 -0
-5.5 0 6.5 0.0332031 0.5 0 -1 -0
-2.5 0 6.5 0.0332031 0.5 0 -1 -0
-5.5 0 9.5 0.0332031 0.5 0 -1 -0
-5.5 0 9.5 0.0332031 0.5 0 -1 -0
-2.5 0 6.5 0.0332031 0.5 0 -1 -0
-2.5 0 9.5 0.0332031 0.5 0 -1 -0
2.5 0 6.5 0.0332031 0.5 0 -1 -0
5.5 0 6.5 0.0332031 0.5 0 -1 -0
2.5 0 9.5 0.0332031 0.5 0 -1 -0
2.5 0 9.5 0.0332031 0.5 0 -1 -0
5.5 0 6.5 0.0332031 0.5 0 -1 -0
5.5 0 9.5 0.0332031 0.5 0 -1 -0
-7.5 4 -11.5 0.0332031 0.5 0 -1 -0
-6.5 4 -11.5 0.0332031 0.5 0 -1 -0
-6.5 4 -10.5 0.0332031 0.5 0 -1 -0
-6.5 4 -11.5 0.0605469 0.5 0 -1 -0
7.5 4 -11.5 0.0605469 0.5 0 -1 -0
-6.5 4 -10.5 0.0605469 0.5 0 -1 -0
-6.5 4 -10.5 0.0605469 0.5 0 -1 -0
7.5 4 -11.5 0.0605469 0.5 0 -1 -0
-5.5 4 -10.5 0.0605469 0.5 0 -1 -0
-6.5 4 -10.5 0.0332031 0.5 0 -1 -0
-5.5 4 -10.5 0.0332031 0.5 0 -1 -0
-5.5 4 -9.5 0.0332031 0.5 0 -1 -0
-5.5 4 -10.5 0.0605469 0.5 0 -1 -0
7.5 4 -11.5 0.0605469 0.5 0 -1 -0
-5.5 4 -9.5 0.0605469 0.5 0 -1 -0
-5.5 4 -9.5 0.0605469 0.5 0 -1 -0
7.5 4 -11.5 0.0605469 0.5 0 -1 -0
-2.5 4 -9.5 0.0605469 0.5 0 -1 -0
-2.5 4 -9.5 0.0605469 0.5 0 -1 -0
7.5 4 -11.5 0.0605469 0.5 0 -1 -0
2.5 4 -9.5 0.0605469 0.5 0 -1 -0
2.5 4 -9.5 0.0605469 0.5 0 -1 -0
7.5 4 -11.5 0.0605469 0.5 0 -1 -0
5.5 4 -9.5 0.0605469 0.5 0 -1 -0
-7.5 4 -11.5 0.0332031 0.5 0 -1 -0
-6.5 4 -10.5 0.0332031 0.5 0 -1 -0
-7.5 4 -8.5 0.0332031 0.5 0 -1 -0
-6.5 4 -10.5 0.0332031 0.5 0 -1 -0
-5.5 4 -9.5 0.0332031 0.5 0 -1 -0
-7.5 4 -8.5 0.0332031 0.5 0 -1 -0
-7.5 4 -8.5 0.0332031 0.5 0 -1 -0
-5.5 4 -9.5 0.0332031 0.5 0 -1 -0
-5.5 4 -8.5 0.0332031 0.5 0 -1 -0
-7.5 4 -8.5 0.0605469 0.5 0 -1 -0
-5.5 4 -8.5 0.0605469 0.5 0 -1 -0
-5.5 4 -6.5 0.0605469 0.5 0 -1 -0
-2.5 4 -9.5 0.0605469 0.5 0 -1 -0
2.5 4 -9.5 0.0605469 0.5 0 -1 -0
-2.5 4 -6.5 0.0605469 0.5 0 -1 -0
-2.5 4 -6.5 0.0605469 0.5 0 -1 -0
2.5 4 -9.5 0.0605469 0.5 0 -1 -0
2.5 4 -6.5 0.0605469 0.5 0 -1 -0
5.5 4 -9.5 0.0605469 0.5 0 -1 -0
7.5 4 -11.5 0.0605469 0.5 0 -1 -0
5.5 4 -6.5 0.0605469 0.5 0 -1 -0
-2.5 4 -6.5 0.0605469 0.5 0 -1 -0
2.5 4 -6.5 0.0605469 0.5 0 -1 -0
-3.5 4 -3.5 0.0605469 0.5 0 -1 -0
2.5 4 -6.5 0.0605469 0.5 0 -1 -0
5.5 4 -6.5 0.0605469 0.5 0 -1 -0
-3.5 4 -3.5 0.0605469 0.5 0 -1 -0
-5.5 4 -6.5 0.0605469 0.5 0 -1 -0
-2.5 4 -6.5 0.0605469 0.5 0 -1 -0
-3.5 4 -3.5 0.0605469 0.5 0 -1 -0
-3.5 4 -3.5 0.0605469 0.5 0 -1 -0
5.5 4 -6.5 0.0605469 0.5 0 -1 -0
0.5 4 -3.5 0.0605469 0.5 0 -1 -0
-5.5 4 -6.5 0.0605469 0.5 0 -1 -0
-3.5 4 -3.5 0.0605469 0.5 0 -1 -0
-4.5 4 -0.5 0.0605469 0.5 0 -1 -0
-3.5 4 -3.5 0.0332031 0.5 0 -1 -0
0.5 4 -3.5 0.0332031 0.5 0 -1 -0
-3.5 4 -0.5 0.0332031 0.5 0 -1 -0
-4.5 4 -0.5 0.0605469 0.5 0 -1 -0
-3.5 4 -3.5 0.0605469 0.5 0 -1 -0
-3.5 4 -0.5 0.0605469 0.5 0 -1 -0
0.5 4 -3.5 0.0605469 0.5 0 -1 -0
5.5 4 -6.5 0.0605469 0.5 0 -1 -0
2.5 4 -0.5 0.0605469 0.5 0 -1 -0
5.5 4 -6.5 0.0605469 0.5 0 -1 -0
7.5 4 -11.5 0.0605469 0.5 0 -1 -0
5.5 4 -0.5 0.0605469 0.5 0 -1 -0
2.5 4 -0.5 0.0605469 0.5 0 -1 -0
5.5 4 -6.5 0.0605469 0.5 0 -1 -0
5.5 4 -0.5 0.0605469 0.5 0 -1 -0
-3.5 4 -0.5 0.0332031 0.5 0 -1 -0
0.5 4 -3.5 0.0332031 0.5 0 -1 -0
-1.5 4 0.5 0.0332031 0.5 0 -1 -0
-4.5 4 -0.5 0.0332031 0.5 0 -1 -0
-3.5 4 -0.5 0.0332031 0.5 0 -1 -0
-1.5 4 0.5 0.0332031 0.5 0 -1 -0
0.5 4 -3.5 0.0605469 0.5 0 -1 -0
2.5 4 -0.5 0.0605469 0.5 0 -1 -0
0.5 4 0.5 0.0605469 0.5 0 -1 -0
-1.5 4 0.5 0.0332031 0.5 0 -1 -0
0.5 4 -3.5 0.0332031 0.5 0 -1 -0
0.5 4 0.5 0.0332031 0.5 0 -1 -0
5.5 4 -0.5 0.0605469 0.5 0 -1 -0
7.5 4 -11.5 0.0605469 0.5 0 -1 -0
5.5 4 0.5 0.0605469 0.5 0 -1 -0
2.5 4 -0.5 0.0332031 0.5 0 -1 -0
5.5 4 -0.5 0.0332031 0.5 0 -1 -0
5.5 4 0.5 0.0332031 0.5 0 -1 -0
5.5 4 0.5 0.0605469 0.5 0 -1 -0
7.5 4 -11.5 0.0605469 0.5 0 -1 -0
7.5 4 0.5 0.0605469 0.5 0 -1 -0
-4.5 4 -0.5 0.0332031 0.5 0 -1 -0
-1.5 4 0.5 0.0332031 0.5 0 -1 -0
-4.5 4 1.5 0.0332031 0.5 0 -1 -0
-5.5 4 -6.5 0.0605469 0.5 0 -1 -0
-4.5 4 -0.5 0.0605469 0.5 0 -1 -0
-4.5 4 1.5 0.0605469 0.5 0 -1 -0
-1.5 4 0.5 0.0605469 0.5 0 -1 -0
0.5 4 0.5 0.0605469 0.5 0 -1 -0
-1.5 4 1.5 0.0605469 0.5 0 -1 -0
-4.5 4 1.5 0.0332031 0.5 0 -1 -0
-1.5 4 0.5 0.0332031 0.5 0 -1 -0
-1.5 4 1.5 0.0332031 0.5 0 -1 -0
0.5 4 0.5 0.0605469 0.5 0 -1 -0
2.5 4 -0.5 0.0605469 0.5 0 -1 -0
2.5 4 1.5 0.0605469 0.5 0 -1 -0
-1.5 4 1.5 0.0605469 0.5 0 -1 -0
0.5 4 0.5 0.0605469 0.5 0 -1 -0
2.5 4 1.5 0.0605469 0.5 0 -1 -0
5.5 4 0.5 0.0332031 0.5 0 -1 -0
7.5 4 0.5 0.0332031 0.5 0 -1 -0
2.5 4 1.5 0.0332031 0.5 0 -1 -0
2.5 4 -0.5 0.0332031 0.5 0 -1 -0
5.5 4 0.5 0.0332031 0.5 0 -1 -0
2.5 4 1.5 0.0332031 0.5 0 -1 -0
2.5 4 1.5 0.0332031 0.5 0 -1 -0
7.5 4 0.5 0.0332031 0.5 0 -1 -0
3.5 4 1.5 0.0332031 0.5 0 -1 -0
-7.5 4 -8.5 0.0605469 0.5 0 -1 -0
-5.5 4 -6.5 0.0605469 0.5 0 -1 -0
-5.5 4 6.5 0.0605469 0.5 0 -1 -0
-4.5 4 1.5 0.0605469 0.5 0 -1 -0
-1.5 4 1.5 0.0605469 0.5 0 -1 -0
-5.5 4 6.5 0.0605469 0.5 0 -1 -0
2.5 4 1.5 0.0605469 0.5 0 -1 -0
3.5 4 1.5 0.0605469 0.5 0 -1 -0
-5.5 4 6.5 0.0605469 0.5 0 -1 -0
-1.5 4 1.5 0.0605469 0.5 0 -1 -0
2.5 4 1.5 0.0605469 0.5 0 -1 -0
-5.5 4 6.5 0.0605469 0.5 0 -1 -0
-5.5 4 -6.5 0.0605469 0.5 0 -1 -0
-4.5 4 1.5 0.0605469 0.5 0 -1 -0
-5.5 4 6.5 0.0605469 0.5 0 -1 -0
-5.5 4 6.5 0.0605469 0.5 0 -1 -0
3.5 4 1.5 0.0605469 0.5 0 -1 -0
-2.5 4 6.5 0.0605469 0.5 0 -1 -0
-2.5 4 6.5 0.0605469 0.5 0 -1 -0
3.5 4 1.5 0.0605469 0.5 0 -1 -0
2.5 4 6.5 0.0605469 0.5 0 -1 -0
3.5 4 1.5 0.0332031 0.5 0 -1 -0
7.5 4 0.5 0.0332031 0.5 0 -1 -0
3.5 4 6.5 0.0332031 0.5 0 -1 -0
2.5 4 6.5 0.0605469 0.5 0 -1 -0
3.5 4 1.5 0.0605469 0.5 0 -1 -0
3.5 4 6.5 0.0605469 0.5 0 -1 -0
3.5 4 6.5 0.0332031 0.5 0 -1 -0
7.5 4 0.5 0.0332031 0.5 0 -1 -0
5.5 4 6.5 0.0332031 0.5 0 -1 -0
5.5 4 6.5 0.0332031 0.5 0 -1 -0
7.5 4 0.5 0.0332031 0.5 0 -1 -0
5.5 4 7.5 0.0332031 0.5 0 -1 -0
5.5 4 7.5 0.0332031 0.5 0 -1 -0
7.5 4 0.5 0.0332031 0.5 0 -1 -0
7.5 4 7.5 0.0332031 0.5 0 -1 -0
-7.5 4 -8.5 0.0605469 0.5 0 -1 -0
-5.5 4 6.5 0.0605469 0.5 0 -1 -0
-5.5 4 9.5 0.0605469 0.5 0 -1 -0
-2.5 4 6.5 0.0605469 0.5 0 -1 -0
2.5 4 6.5 0.0605469 0.5 0 -1 -0
-2.5 4 9.5 0.0605469 0.5 0 -1 -0
-2.5 4 9.5 0.0605469 0.5 0 -1 -0
2.5 4 6.5 0.0605469 0.5 0 -1 -0
2.5 4 9.5 0.0605469 0.5 0 -1 -0
5.5 4 7.5 0.0605469 0.5 0 -1 -0
7.5 4 7.5 0.0605469 0.5 0 -1 -0
5.5 4 9.5 0.0605469 0.5 0 -1 -0
-2.5 4 9.5 0.0605469 0.5 0 -1 -0
2.5 4 9.5 0.0605469 0.5 0 -1 -0
1.5 4 11.5 0.0605469 0.5 0 -1 -0
2.5 4 9.5 0.0605469 0.5 0 -1 -0
5.5 4 9.5 0.0605469 0.5 0 -1 -0
1.5 4 11.5 0.0605469 0.5 0 -1 -0
-5.5 4 9.5 0.0605469 0.5 0 -1 -0
-2.5 4 9.5 0.0605469 0.5 0 -1 -0
1.5 4 11.5 0.0605469 0.5 0 -1 -0
1.5 4 11.5 0.0605469 0.5 0 -1 -0
5.5 4 9.5 0.0605469 0.5 0 -1 -0
3.5 4 11.5 0.0605469 0.5 0 -1 -0
-7.5 4 -8.5 0.0605469 0.5 0 -1 -0
-5.5 4 9.5 0.0605469 0.5 0 -1 -0
-7.5 4 12.5 0.0605469 0.5 0 -1 -0
-5.5 4 9.5 0.0605469 0.5 0 -1 -0
1.5 4 11.5 0.0605469 0.5 0 -1 -0
-7.5 4 12.5 0.0605469 0.5 0 -1 -0
1.5 4 11.5 0.0332031 0.5 0 -1 -0
3.5 4 11.5 0.0332031 0.5 0 -1 -0
1.5 4 12.5 0.0332031 0.5 0 -1 -0
-7.5 4 12.5 0.0605469 0.5 0 -1 -0
1.5 4 11.5 0.0605469 0.5 0 -1 -0
1.5 4 12.5 0.0605469 0.5 0 -1 -0
3.5 4 11.5 0.0605469 0.5 0 -1 -0
5.5 4 9.5 0.0605469 0.5 0 -1 -0
3.5 4 12.5 0.0605469 0.5 0 -1 -0
1.5 4 12.5 0.0332031 0.5 0 -1 -0
3.5 4 11.5 0.0332031 0.5 0 -1 -0
3.5 4 12.5 0.0332031 0.5 0 -1 -0
5.5 4 9.5 0.0605469 0.5 0 -1 -0
7.5 4 7.5 0.0605469 0.5 0 -1 -0
7.5 4 12.5 0.0605469 0.5 0 -1 -0
3.5 4 12.5 0.0605469 0.5 0 -1 -0
5.5 4 9.5 0.0605469 0.5 0 -1 -0
7.5 4 12.5 0.0605469 0.5 0 -1 -0
-4.5 7 12.5 0.0605469 0.5 0 -1 -0
4.5 7 12.5 0.0605469 0.5 0 -1 -0
-4.5 7 13.5 0.0605469 0.5 0 -1 -0
-4.5 7 13.5 0.0605469 0.5 0 -1 -0
4.5 7 12.5 0.0605469 0.5 0 -1 -0
4.5 7 13.5 0.0605469 0.5 0 -1 -0
-3.5 8 -12.5 0.0605469 0.5 0 -1 -0
3.5 8 -12.5 0.0605469 0.5 0 -1 -0
-3.5 8 -11.5 0.0605469 0.5 0 -1 -0
-3.5 8 -11.5 0.0605469 0.5 0 -1 -0
3.5 8 -12.5 0.0605469 0.5 0 -1 -0
3.5 8 -11.5 0.0605469 0.5 0 -1 -0
-3.5 8 13.5 0.0605469 0.5 0 -1 -0
3.5 8 13.5 0.0605469 0.5 0 -1 -0
-3.5 8 14.5 0.0605469 0.5 0 -1 -0
-3.5 8 14.5 0.0605469 0.5 0 -1 -0
3.5 8 13.5 0.0605469 0.5 0 -1 -0
3.5 8 14.5 0.0605469 0.5 0 -1 -0
-4.5 9 -14.5 0.958984 0.5 0 -1 -0
-3.5 9 -14.5 0.958984 0.5 0 -1 -0
-4.5 9 -13.5 0.958984 0.5 0 -1 -0
-4.5 9 -13.5 0.958984 0.5 0 -1 -0
-3.5 9 -14.5 0.958984 0.5 0 -1 -0
-3.5 9 -13.5 0.958984 0.5 0 -1 -0
3.5 9 -14.5 0.958984 0.5 0 -1 -0
4.5 9 -14.5 0.958984 0.5 0 -1 -0
3.5 9 -13.5 0.958984 0.5 0 -1 -0
3.5 9 -13.5 0.958984 0.5 0 -1 -0
4.5 9 -14.5 0.958984 0.5 0 -1 -0
4.5 9 -13.5 0.958984 0.5 0 -1 -0
-4.5 9 -13.5 0.0605469 0.5 0 -1 -0
-3.5 9 -13.5 0.0605469 0.5 0 -1 -0
-3.5 9 -12.5 0.0605469 0.5 0 -1 -0
-3.5 9 -13.5 0.0605469 0.5 0 -1 -0
3.5 9 -13.5 0.0605469 0.5 0 -1 -0
-3.5 9 -12.5 0.0605469 0.5 0 -1 -0
3.5 9 -13.5 0.0605469 0.5 0 -1 -0
4.5 9 -13.5 0.0605469 0.5 0 -1 -0
-3.5 9 -12.5 0.0605469 0.5 0 -1 -0
-3.5 9 -12.5 0.0605469 0.5 0 -1 -0
4.5 9 -13.5 0.0605469 0.5 0 -1 -0
3.5 9 -12.5 0.0605469 0.5 0 -1 -0
-4.5 9 -13.5 0.0605469 0.5 0 -1 -0
-3.5 9 -12.5 0.0605469 0.5 0 -1 -0
-4.5 9 -11.5 0.0605469 0.5 0 -1 -0
-4.5 9 -11.5 0.0605469 0.5 0 -1 -0
-3.5 9 -12.5 0.0605469 0.5 0 -1 -0
-3.5 9 -11.5 0.0605469 0.5 0 -1 -0
3.5 9 -12.5 0.0605469 0.5 0 -1 -0
4.5 9 -13.5 0.0605469 0.5 0 -1 -0
3.5 9 -11.5 0.0605469 0.5 0 -1 -0
3.5 9 -11.5 0.0605469 0.5 0 -1 -0
4.5 9 -13.5 0.0605469 0.5 0 -1 -0
4.5 9 -11.5 0.0605469 0.5 0 -1 -0
-1.5 9 14.5 0.0605469 0.5 0 -1 -0
1.5 9 14.5 0.0605469 0.5 0 -1 -0
-1.5 9 15.5 0.0605469 0.5 0 -1 -0
-1.5 9 15.5 0.0605469 0.5 0 -1 -0
1.5 9 14.5 0.0605469 0.5 0 -1 -0
1.5 9 15.5 0.0605469 0.5 0 -1 -0
-1.5 10 -15.5 0.251953 0.5 0 -1 -0
1.5 10 -15.5 0.251953 0.5 0 -1 -0
-1.5 10 -13.5 0.251953 0.5 0 -1 -0
-1.5 10 -13.5 0.251953 0.5 0 -1 -0
1.5 10 -15.5 0.251953 0.5 0 -1 -0
1.5 10 -13.5 0.251953 0.5 0 -1 -0
-5.5 10 -12.5 0.0605469 0.5 0 -1 -0
-4.5 10 -12.5 0.0605469 0.5 0 -1 -0
-5.5 10 -11.5 0.0605469 0.5 0 -1 -0
-5.5 10 -11.5 0.0605469 0.5 0 -1 -0
-4.5 10 -12.5 0.0605469 0.5 0 -1 -0
-4.5 10 -11.5 0.0605469 0.5 0 -1 -0
4.5 10 -12.5 0.0605469 0.5 0 -1 -0
5.5 10 -12.5 0.0605469 0.5 0 -1 -0
4.5 10 -11.5 0.0605469 0.5 0 -1 -0
4.5 10 -11.5 0.0605469 0.5 0 -1 -0
5.5 10 -12.5 0.0605469 0.5 0 -1 -0
5.5 10 -11.5 0.0605469 0.5 0 -1 -0
-4.5 11 -14.5 0.0332031 0.5 0 -1 -0
-1.5 11 -14.5 0.0332031 0.5 0 -1 -0
-4.5 11 -13.5 0.0332031 0.5 0 -1 -0
-4.5 11 -13.5 0.0332031 0.5 0 -1 -0
-1.5 11 -14.5 0.0332031 0.5 0 -1 -0
-1.5 11 -13.5 0.0332031 0.5 0 -1 -0
1.5 11 -14.5 0.0332031 0.5 0 -1 -0
4.5 11 -14.5 0.0332031 0.5 0 -1 -0
1.5 11 -13.5 0.0332031 0.5 0 -1 -0
1.5 11 -13.5 0.0332031 0.5 0 -1 -0
4.5 11 -14.5 0.0332031 0.5 0 -1 -0
4.5 11 -13.5 0.0332031 0.5 0 -1 -0
-3.5 13 -14.5 0.0332031 0.5 0 -1 -0
-2.5 13 -14.5 0.0332031 0.5 0 -1 -0
-3.5 13 -13.5 0.0332031 0.5 0 -1 -0
-3.5 13 -13.5 0.0332031 0.5 0 -1 -0
-2.5 13 -14.5 0.0332031 0.5 0 -1 -0
-2.5 13 -13.5 0.0332031 0.5 0 -1 -0
2.5 13 -14.5 0.0332031 0.5 0 -1 -0
3.5 13 -14.5 0.0332031 0.5 0 -1 -0
2.5 13 -13.5 0.0332031 0.5 0 -1 -0
2.5 13 -13.5 0.0332031 0.5 0 -1 -0
3.5 13 -14.5 0.0332031 0.5 0 -1 -0
3.5 13 -13.5 0.0332031 0.5 0 -1 -0
-5.5 14 -12.5 0.958984 0.5 0 -1 -0
-4.5 14 -12.5 0.958984 0.5 0 -1 -0
-5.5 14 -11.5 0.958984 0.5 0 -1 -0
-5.5 14 -11.5 0.958984 0.5 0 -1 -0
-4.5 14 -12.5 0.958984 0.5 0 -1 -0
-4.5 14 -11.5 0.958984 0.5 0 -1 -0
4.5 14 -12.5 0.958984 0.5 0 -1 -0
5.5 14 -12.5 0.958984 0.5 0 -1 -0
4.5 14 -11.5 0.958984 0.5 0 -1 -0
4.5 14 -11.5 0.958984 0.5 0 -1 -0
5.5 14 -12.5 0.958984 0.5 0 -1 -0
5.5 14 -11.5 0.958984 0.5 0 -1 -0
-4.5 10 -13.5 0.958984 0.5 0 1 -0
-3.5 10 -14.5 0.958984 0.5 0 1 -0
-4.5 10 -14.5 0.958984 0.5 0 1 -0
-3.5 10 -13.5 0.958984 0.5 0 1 -0
-3.5 10 -14.5 0.958984 0.5 0 1 -0
-4.5 10 -13.5 0.958984 0.5 0 1 -0
3.5 10 -13.5 0.958984 0.5 0 1 -0
4.5 10 -14.5 0.958984 0.5 0 1 -0
3.5 10 -14.5 0.958984 0.5 0 1 -0
4.5 10 -13.5 0.958984 0.5 0 1 -0
4.5 10 -14.5 0.958984 0.5 0 1 -0
3.5 10 -13.5 0.958984 0.5 0 1 -0
-1.5 11 -14.5 0.251953 0.5 0 1 -0
1.5 11 -15.5 0.251953 0.5 0 1 -0
-1.5 11 -15.5 0.251953 0.5 0 1 -0
1.5 11 -14.5 0.251953 0.5 0 1 -0
1.5 11 -15.5 0.251953 0.5 0 1 -0
-1.5 11 -14.5 0.251953 0.5 0 1 -0
-3.5 12 -13.5 0.0332031 0.5 0 1 -0
-2.5 12 -14.5 0.0332031 0.5 0 1 -0
-3.5 12 -14.5 0.0332031 0.5 0 1 -0
-2.5 12 -13.5 0.0332031 0.5 0 1 -0
-2.5 12 -14.5 0.0332031 0.5 0 1 -0
-3.5 12 -13.5 0.0332031 0.5 0 1 -0
2.5 12 -13.5 0.0332031 0.5 0 1 -0
3.5 12 -14.5 0.0332031 0.5 0 1 -0
2.5 12 -14.5 0.0332031 0.5 0 1 -0
3.5 12 -13.5 0.0332031 0.5 0 1 -0
3.5 12 -14.5 0.0332031 0.5 0 1 -0
2.5 12 -13.5 0.0332031 0.5 0 1 -0
-1.5 12 15.5 0.0605469 0.5 0 1 -0
1.5 12 14.5 0.0605469 0.5 0 1 -0
-1.5 12 14.5 0.0605469 0.5 0 1 -0
1.5 12 15.5 0.0605469 0.5 0 1 -0
1.5 12 14.5 0.0605469 0.5 0 1 -0
-1.5 12 15.5 0.0605469 0.5 0 1 -0
-5.5 13 -11.5 0.0605469 0.5 0 1 -0
-4.5 13 -12.5 0.0605469 0.5 0 1 -0
-5.5 13 -12.5 0.0605469 0.5 0 1 -0
-4.5 13 -11.5 0.0605469 0.5 0 1 -0
-4.5 13 -12.5 0.0605469 0.5 0 1 -0
-5.5 13 -11.5 0.0605469 0.5 0 1 -0
4.5 13 -11.5 0.0605469 0.5 0 1 -0
5.5 13 -12.5 0.0605469 0.5 0 1 -0
4.5 13 -12.5 0.0605469 0.5 0 1 -0
5.5 13 -11.5 0.0605469 0.5 0 1 -0
5.5 13 -12.5 0.0605469 0.5 0 1 -0
4.5 13 -11.5 0.0605469 0.5 0 1 -0
-3.5 13 14.5 0.0605469 0.5 0 1 -0
3.5 13 13.5 0.0605469 0.5 0 1 -0
-3.5 13 13.5 0.0605469 0.5 0 1 -0
3.5 13 14.5 0.0605469 0.5 0 1 -0
3.5 13 13.5 0.0605469 0.5 0 1 -0
-3.5 13 14.5 0.0605469 0.5 0 1 -0
-4.5 14 -13.5 0.0332031 0.5 0 1 -0
4.5 14 -14.5 0.0332031 0.5 0 1 -0
-4.5 14 -14.5 0.0332031 0.5 0 1 -0
4.5 14 -13.5 0.0332031 0.5 0 1 -0
4.5 14 -14.5 0.0332031 0.5 0 1 -0
-4.5 14 -13.5 0.0332031 0.5 0 1 -0
-4.5 14 -12.5 0.0605469 0.5 0 1 -0
4.5 14 -13.5 0.0605469 0.5 0 1 -0
-4.5 14 -13.5 0.0605469 0.5 0 1 -0
-2.5 14 -12.5 0.0605469 0.5 0 1 -0
4.5 14 -13.5 0.0605469 0.5 0 1 -0
-4.5 14 -12.5 0.0605469 0.5 0 1 -0
-1.5 14 -12.5 0.0605469 0.5 0 1 -0
4.5 14 -13.5 0.0605469 0.5 0 1 -0
-2.5 14 -12.5 0.0605469 0.5 0 1 -0
1.5 14 -12.5 0.0605469 0.5 0 1 -0
4.5 14 -13.5 0.0605469 0.5 0 1 -0
-1.5 14 -12.5 0.0605469 0.5 0 1 -0
2.5 14 -12.5 0.0605469 0.5 0 1 -0
4.5 14 -13.5 0.0605469 0.5 0 1 -0
1.5 14 -12.5 0.0605469 0.5 0 1 -0
4.5 14 -12.5 0.0605469 0.5 0 1 -0
4.5 14 -13.5 0.0605469 0.5 0 1 -0
2.5 14 -12.5 0.0605469 0.5 0 1 -0
-2.5 14 -11.5 0.0605469 0.5 0 1 -0
-1.5 14 -12.5 0.0605469 0.5 0 1 -0
-2.5 14 -12.5 0.0605469 0.5 0 1 -0
-1.5 14 -11.5 0.0605469 0.5 0 1 -0
-1.5 14 -12.5 0.0605469 0.5 0 1 -0
-2.5 14 -11.5 0.0605469 0.5 0 1 -0
1.5 14 -11.5 0.0605469 0.5 0 1 -0
2.5 14 -12.5 0.0605469 0.5 0 1 -0
1.5 14 -12.5 0.0605469 0.5 0 1 -0
2.5 14 -11.5 0.0605469 0.5 0 1 -0
2.5 14 -12.5 0.0605469 0.5 0 1 -0
1.5 14 -11.5 0.0605469 0.5 0 1 -0
-4.5 14 13.5 0.0605469 0.5 0 1 -0
4.5 14 12.5 0.0605469 0.5 0 1 -0
-4.5 14 12.5 0.0605469 0.5 0 1 -0
4.5 14 13.5 0.0605469 0.5 0 1 -0
4.5 14 12.5 0.0605469 0.5 0 1 -0
-4.5 14 13.5 0.0605469 0.5 0 1 -0
-1.5 15 -11.5 0.0605469 0.5 0 1 -0
1.5 15 -12.5 0.0605469 0.5 0 1 -0
-1.5 15 -12.5 0.0605469 0.5 0 1 -0
1.5 15 -11.5 0.0605469 0.5 0 1 -0
1.5 15 -12.5 0.0605469 0.5 0 1 -0
-1.5 15 -11.5 0.0605469 0.5 0 1 -0
-5.5 17 -11.5 0.958984 0.5 0 1 -0
-2.5 17 -12.5 0.958984 0.5 0 1 -0
-5.5 17 -12.5 0.958984 0.5 0 1 -0
-2.5 17 -11.5 0.958984 0.5 0 1 -0
-2.5 17 -12.5 0.958984 0.5 0 1 -0
-5.5 17 -11.5 0.958984 0.5 0 1 -0
2.5 17 -11.5 0.958984 0.5 0 1 -0
5.5 17 -12.5 0.958984 0.5 0 1 -0
2.5 17 -12.5 0.958984 0.5 0 1 -0
5.5 17 -11.5 0.958984 0.5 0 1 -0
5.5 17 -12.5 0.958984 0.5 0 1 -0
2.5 17 -11.5 0.958984 0.5 0 1 -0
-7.5 19 -10.5 0.0332031 0.5 0 1 -0
-6.5 19 -11.5 0.0332031 0.5 0 1 -0
-7.5 19 -11.5 0.0332031 0.5 0 1 -0
-6.5 19 -10.5 0.0605469 0.5 0 1 -0
7.5 19 -11.5 0.0605469 0.5 0 1 -0
-6.5 19 -11.5 0.0605469 0.5 0 1 -0
-6.5 19 -10.5 0.0332031 0.5 0 1 -0
-6.5 19 -11.5 0.0332031 0.5 0 1 -0
-7.5 19 -10.5 0.0332031 0.5 0 1 -0
-5.5 19 -8.5 0.0605469 0.5 0 1 -0
-6.5 19 -10.5 0.0605469 0.5 0 1 -0
-7.5 19 -10.5 0.0605469 0.5 0 1 -0
-5.5 19 -8.5 0.0605469 0.5 0 1 -0
7.5 19 -11.5 0.0605469 0.5 0 1 -0
-6.5 19 -10.5 0.0605469 0.5 0 1 -0
-2.5 19 -8.5 0.0605469 0.5 0 1 -0
7.5 19 -11.5 0.0605469 0.5 0 1 -0
-5.5 19 -8.5 0.0605469 0.5 0 1 -0
2.5 19 -8.5 0.0605469 0.5 0 1 -0
7.5 19 -11.5 0.0605469 0.5 0 1 -0
-2.5 19 -8.5 0.0605469 0.5 0 1 -0
5.5 19 -8.5 0.0605469 0.5 0 1 -0
7.5 19 -11.5 0.0605469 0.5 0 1 -0
2.5 19 -8.5 0.0605469 0.5 0 1 -0
-5.5 19 -5.5 0.0605469 0.5 0 1 -0
-5.5 19 -8.5 0.0605469 0.5 0 1 -0
-7.5 19 -10.5 0.0605469 0.5 0 1 -0
-2.5 19 -5.5 0.0605469 0.5 0 1 -0
2.5 19 -8.5 0.0605469 0.5 0 1 -0
-2.5 19 -8.5 0.0605469 0.5 0 1 -0
2.5 19 -5.5 0.0605469 0.5 0 1 -0
2.5 19 -8.5 0.0605469 0.5 0 1 -0
-2.5 19 -5.5 0.0605469 0.5 0 1 -0
5.5 19 -5.5 0.0605469 0.5 0 1 -0
7.5 19 -11.5 0.0605469 0.5 0 1 -0
5.5 19 -8.5 0.0605469 0.5 0 1 -0
-7.5 19 -3.5 0.0605469 0.5 0 1 -0
2.5 19 -5.5 0.0605469 0.5 0 1 -0
-2.5 19 -5.5 0.0605469 0.5 0 1 -0
-7.5 19 -3.5 0.0605469 0.5 0 1 -0
5.5 19 -5.5 0.0605469 0.5 0 1 -0
2.5 19 -5.5 0.0605469 0.5 0 1 -0
-7.5 19 -3.5 0.0605469 0.5 0 1 -0
-5.5 19 -5.5 0.0605469 0.5 0 1 -0
-7.5 19 -10.5 0.0605469 0.5 0 1 -0
-7.5 19 -3.5 0.0605469 0.5 0 1 -0
-2.5 19 -5.5 0.0605469 0.5 0 1 -0
-5.5 19 -5.5 0.0605469 0.5 0 1 -0
-5.5 19 -3.5 0.0605469 0.5 0 1 -0
5.5 19 -5.5 0.0605469 0.5 0 1 -0
-7.5 19 -3.5 0.0605469 0.5 0 1 -0
-7.5 19 -1.5 0.0332031 0.5 0 1 -0
-5.5 19 -3.5 0.0332031 0.5 0 1 -0
-7.5 19 -3.5 0.0332031 0.5 0 1 -0
-5.5 19 -1.5 0.0605469 0.5 0 1 -0
5.5 19 -5.5 0.0605469 0.5 0 1 -0
-5.5 19 -3.5 0.0605469 0.5 0 1 -0
-5.5 19 -1.5 0.0332031 0.5 0 1 -0
-5.5 19 -3.5 0.0332031 0.5 0 1 -0
-7.5 19 -1.5 0.0332031 0.5 0 1 -0
4.5 19 -1.5 0.0605469 0.5 0 1 -0
5.5 19 -5.5 0.0605469 0.5 0 1 -0
-5.5 19 -1.5 0.0605469 0.5 0 1 -0
7.5 19 -1.5 0.0605469 0.5 0 1 -0
7.5 19 -11.5 0.0605469 0.5 0 1 -0
5.5 19 -5.5 0.0605469 0.5 0 1 -0
7.5 19 -1.5 0.0605469 0.5 0 1 -0
5.5 19 -5.5 0.0605469 0.5 0 1 -0
4.5 19 -1.5 0.0605469 0.5 0 1 -0
4.5 19 1.5 0.0605469 0.5 0 1 -0
4.5 19 -1.5 0.0605469 0.5 0 1 -0
-5.5 19 -1.5 0.0605469 0.5 0 1 -0
4.5 19 1.5 0.0605469 0.5 0 1 -0
-5.5 19 -1.5 0.0605469 0.5 0 1 -0
-7.5 19 -1.5 0.0605469 0.5 0 1 -0
4.5 19 1.5 0.0332031 0.5 0 1 -0
7.5 19 -1.5 0.0332031 0.5 0 1 -0
4.5 19 -1.5 0.0332031 0.5 0 1 -0
7.5 19 1.5 0.0332031 0.5 0 1 -0
7.5 19 -1.5 0.0332031 0.5 0 1 -0
4.5 19 1.5 0.0332031 0.5 0 1 -0
-2.5 19 5.5 0.0605469 0.5 0 1 -0
4.5 19 1.5 0.0605469 0.5 0 1 -0
-7.5 19 -1.5 0.0605469 0.5 0 1 -0
-2.5 19 5.5 0.0605469 0.5 0 1 -0
7.5 19 1.5 0.0605469 0.5 0 1 -0
4.5 19 1.5 0.0605469 0.5 0 1 -0
-0.5 19 5.5 0.0605469 0.5 0 1 -0
7.5 19 1.5 0.0605469 0.5 0 1 -0
-2.5 19 5.5 0.0605469 0.5 0 1 -0
-2.5 19 6.5 0.0605469 0.5 0 1 -0
-2.5 19 5.5 0.0605469 0.5 0 1 -0
-7.5 19 -1.5 0.0605469 0.5 0 1 -0
-2.5 19 6.5 0.0332031 0.5 0 1 -0
-0.5 19 5.5 0.0332031 0.5 0 1 -0
-2.5 19 5.5 0.0332031 0.5 0 1 -0
-0.5 19 6.5 0.0605469 0.5 0 1 -0
7.5 19 1.5 0.0605469 0.5 0 1 -0
-0.5 19 5.5 0.0605469 0.5 0 1 -0
-0.5 19 6.5 0.0332031 0.5 0 1 -0
-0.5 19 5.5 0.0332031 0.5 0 1 -0
-2.5 19 6.5 0.0332031 0.5 0 1 -0
4.5 19 6.5 0.0605469 0.5 0 1 -0
7.5 19 1.5 0.0605469 0.5 0 1 -0
-0.5 19 6.5 0.0605469 0.5 0 1 -0
7.5 19 6.5 0.0605469 0.5 0 1 -0
7.5 19 1.5 0.0605469 0.5 0 1 -0
4.5 19 6.5 0.0605469 0.5 0 1 -0
2.5 19 10.5 0.0605469 0.5 0 1 -0
-0.5 19 6.5 0.0605469 0.5 0 1 -0
-2.5 19 6.5 0.0605469 0.5 0 1 -0
2.5 19 10.5 0.0605469 0.5 0 1 -0
4.5 19 6.5 0.0605469 0.5 0 1 -0
-0.5 19 6.5 0.0605469 0.5 0 1 -0
4.5 19 10.5 0.0332031 0.5 0 1 -0
7.5 19 6.5 0.0332031 0.5 0 1 -0
4.5 19 6.5 0.0332031 0.5 0 1 -0
4.5 19 10.5 0.0605469 0.5 0 1 -0
4.5 19 6.5 0.0605469 0.5 0 1 -0
2.5 19 10.5 0.0605469 0.5 0 1 -0
-6.5 19 11.5 0.0605469 0.5 0 1 -0
-2.5 19 6.5 0.0605469 0.5 0 1 -0
-7.5 19 -1.5 0.0605469 0.5 0 1 -0
-6.5 19 11.5 0.0605469 0.5 0 1 -0
2.5 19 10.5 0.0605469 0.5 0 1 -0
-2.5 19 6.5 0.0605469 0.5 0 1 -0
-4.5 19 11.5 0.0605469 0.5 0 1 -0
2.5 19 10.5 0.0605469 0.5 0 1 -0
-6.5 19 11.5 0.0605469 0.5 0 1 -0
-7.5 19 12.5 0.0605469 0.5 0 1 -0
-6.5 19 11.5 0.0605469 0.5 0 1 -0
-7.5 19 -1.5 0.0605469 0.5 0 1 -0
-6.5 19 12.5 0.0332031 0.5 0 1 -0
-4.5 19 11.5 0.0332031 0.5 0 1 -0
-6.5 19 11.5 0.0332031 0.5 0 1 -0
-6.5 19 12.5 0.0605469 0.5 0 1 -0
-6.5 19 11.5 0.0605469 0.5 0 1 -0
-7.5 19 12.5 0.0605469 0.5 0 1 -0
-4.5 19 12.5 0.0605469 0.5 0 1 -0
2.5 19 10.5 0.0605469 0.5 0 1 -0
-4.5 19 11.5 0.0605469 0.5 0 1 -0
-4.5 19 12.5 0.0332031 0.5 0 1 -0
-4.5 19 11.5 0.0332031 0.5 0 1 -0
-6.5 19 12.5 0.0332031 0.5 0 1 -0
2.5 19 12.5 0.0332031 0.5 0 1 -0
4.5 19 10.5 0.0332031 0.5 0 1 -0
2.5 19 10.5 0.0332031 0.5 0 1 -0
2.5 19 12.5 0.0605469 0.5 0 1 -0
2.5 19 10.5 0.0605469 0.5 0 1 -0
-4.5 19 12.5 0.0605469 0.5 0 1 -0
7.5 19 12.5 0.0332031 0.5 0 1 -0
7.5 19 6.5 0.0332031 0.5 0 1 -0
4.5 19 10.5 0.0332031 0.5 0 1 -0
7.5 19 12.5 0.0332031 0.5 0 1 -0
4.5 19 10.5 0.0332031 0.5 0 1 -0
2.5 19 12.5 0.0332031 0.5 0 1 -0
-4.5 22 -7.5 0.0605469 0.5 0 1 -0
-2.5 22 -8.5 0.0605469 0.5 0 1 -0
-5.5 22 -8.5 0.0605469 0.5 0 1 -0
-3.5 22 -7.5 0.0605469 0.5 0 1 -0
-2.5 22 -8.5 0.0605469 0.5 0 1 -0
-4.5 22 -7.5 0.0605469 0.5 0 1 -0
-4.5 22 -6.5 0.0605469 0.5 0 1 -0
-4.5 22 -7.5 0.0605469 0.5 0 1 -0
-5.5 22 -8.5 0.0605469 0.5 0 1 -0
-4.5 22 -6.5 0.0332031 0.5 0 1 -0
-3.5 22 -7.5 0.0332031 0.5 0 1 -0
-4.5 22 -7.5 0.0332031 0.5 0 1 -0
-3.5 22 -6.5 0.0605469 0.5 0 1 -0
-2.5 22 -8.5 0.0605469 0.5 0 1 -0
-3.5 22 -7.5 0.0605469 0.5 0 1 -0
-3.5 22 -6.5 0.0332031 0.5 0 1 -0
-3.5 22 -7.5 0.0332031 0.5 0 1 -0
-4.5 22 -6.5 0.0332031 0.5 0 1 -0
-5.5 22 -5.5 0.0605469 0.5 0 1 -0
-4.5 22 -6.5 0.0605469 0.5 0 1 -0
-5.5 22 -8.5 0.0605469 0.5 0 1 -0
-5.5 22 -5.5 0.0605469 0.5 0 1 -0
-3.5 22 -6.5 0.0605469 0.5 0 1 -0
-4.5 22 -6.5 0.0605469 0.5 0 1 -0
-2.5 22 -5.5 0.0605469 0.5 0 1 -0
-2.5 22 -8.5 0.0605469 0.5 0 1 -0
-3.5 22 -6.5 0.0605469 0.5 0 1 -0
-2.5 22 -5.5 0.0605469 0.5 0 1 -0
-3.5 22 -6.5 0.0605469 0.5 0 1 -0
-5.5 22 -5.5 0.0605469 0.5 0 1 -0
2.5 22 -5.5 0.0605469 0.5 0 1 -0
5.5 22 -8.5 0.0605469 0.5 0 1 -0
2.5 22 -8.5 0.0605469 0.5 0 1 -0
5.5 22 -5.5 0.0605469 0.5 0 1 -0
5.5 22 -8.5 0.0605469 0.5 0 1 -0
2.5 22 -5.5 0.0605469 0.5 0 1 -0
